1.8045691e+00, 0.0000000e+00
1.8145988e+00, 4.9353426e-02
1.8246288e+00, 7.4522822e-02
1.8346589e+00, 9.4668120e-02
1.8446893e+00, 1.1257854e-01
1.8547199e+00, 1.2923815e-01
1.8647507e+00, 1.4512488e-01
1.8747817e+00, 1.6051115e-01
1.8848129e+00, 1.7556830e-01
1.8948444e+00, 1.9041170e-01
1.9048760e+00, 2.0512290e-01
1.9149079e+00, 2.1976179e-01
1.9249400e+00, 2.3437372e-01
1.9349722e+00, 2.4899379e-01
1.9450047e+00, 2.6364981e-01
1.9550375e+00, 2.7836412e-01
1.9650704e+00, 2.9315496e-01
1.9751035e+00, 3.0803740e-01
1.9851369e+00, 3.2302405e-01
1.9951705e+00, 3.3812550e-01
2.0052042e+00, 3.5335081e-01
2.0152382e+00, 3.6870771e-01
2.0252724e+00, 3.8420288e-01
2.0353069e+00, 3.9984212e-01
2.0453415e+00, 4.1563052e-01
2.0553763e+00, 4.3157251e-01
2.0654114e+00, 4.4767201e-01
2.0754467e+00, 4.6393250e-01
2.0854822e+00, 4.8035708e-01
2.0955178e+00, 4.9694850e-01
2.1055538e+00, 5.1370922e-01
2.1155899e+00, 5.3064148e-01
2.1256262e+00, 5.4774726e-01
2.1356628e+00, 5.6502838e-01
2.1456995e+00, 5.8248648e-01
2.1557365e+00, 6.0012303e-01
2.1657737e+00, 6.1793940e-01
2.1758111e+00, 6.3593682e-01
2.1858487e+00, 6.5411641e-01
2.1958866e+00, 6.7247922e-01
2.2059246e+00, 6.9102618e-01
2.2159629e+00, 7.0975817e-01
2.2260013e+00, 7.2867599e-01
2.2360400e+00, 7.4778039e-01
2.2460789e+00, 7.6707203e-01
2.2561180e+00, 7.8655156e-01
2.2661573e+00, 8.0621955e-01
2.2761969e+00, 8.2607655e-01
2.2862366e+00, 8.4612305e-01
2.2962766e+00, 8.6635953e-01
2.3063167e+00, 8.8678642e-01
2.3163571e+00, 9.0740412e-01
2.3263977e+00, 9.2821300e-01
2.3364385e+00, 9.4921342e-01
2.3464796e+00, 9.7040569e-01
2.3565208e+00, 9.9179014e-01
2.3665623e+00, 1.0133670e+00
2.3766039e+00, 1.0351366e+00
2.3866458e+00, 1.0570992e+00
2.3966879e+00, 1.0792550e+00
2.4067302e+00, 1.1016042e+00
2.4167727e+00, 1.1241470e+00
2.4268154e+00, 1.1468836e+00
2.4368584e+00, 1.1698142e+00
2.4469015e+00, 1.1929390e+00
2.4569449e+00, 1.2162580e+00
2.4669885e+00, 1.2397716e+00
2.4770323e+00, 1.2634797e+00
2.4870763e+00, 1.2873826e+00
2.4971205e+00, 1.3114804e+00
2.5071649e+00, 1.3357731e+00
2.5172096e+00, 1.3602609e+00
2.5272545e+00, 1.3849439e+00
2.5372995e+00, 1.4098221e+00
2.5473448e+00, 1.4348958e+00
2.5573903e+00, 1.4601648e+00
2.5674360e+00, 1.4856294e+00
2.5774820e+00, 1.5112897e+00
2.5875281e+00, 1.5371455e+00
2.5975744e+00, 1.5631972e+00
2.6076210e+00, 1.5894446e+00
2.6176678e+00, 1.6158879e+00
2.6277148e+00, 1.6425271e+00
2.6377620e+00, 1.6693622e+00
2.6478094e+00, 1.6963934e+00
2.6578570e+00, 1.7236206e+00
2.6679049e+00, 1.7510439e+00
2.6779529e+00, 1.7786634e+00
2.6880012e+00, 1.8064790e+00
2.6980497e+00, 1.8344908e+00
2.7080984e+00, 1.8626988e+00
2.7181473e+00, 1.8911031e+00
2.7281964e+00, 1.9197037e+00
2.7382458e+00, 1.9485006e+00
2.7482953e+00, 1.9774938e+00
2.7583451e+00, 2.0066833e+00
2.7683950e+00, 2.0360693e+00
2.7784452e+00, 2.0656516e+00
2.7884956e+00, 2.0954303e+00
2.7985462e+00, 2.1254054e+00
2.8085971e+00, 2.1555770e+00
2.8186481e+00, 2.1859450e+00
2.8286994e+00, 2.2165094e+00
2.8387508e+00, 2.2472703e+00
2.8488025e+00, 2.2782277e+00
2.8588544e+00, 2.3093815e+00
2.8689065e+00, 2.3407318e+00
2.8789588e+00, 2.3722785e+00
2.8890114e+00, 2.4040218e+00
2.8990641e+00, 2.4359615e+00
2.9091171e+00, 2.4680977e+00
2.9191702e+00, 2.5004304e+00
2.9292236e+00, 2.5329596e+00
2.9392772e+00, 2.5656852e+00
2.9493310e+00, 2.5986074e+00
2.9593850e+00, 2.6317260e+00
2.9694393e+00, 2.6650410e+00
2.9794937e+00, 2.6985525e+00
2.9895484e+00, 2.7322605e+00
2.9996033e+00, 2.7661650e+00
3.0096584e+00, 2.8002658e+00
3.0197137e+00, 2.8345632e+00
3.0297692e+00, 2.8690569e+00
3.0398249e+00, 2.9037471e+00
3.0498808e+00, 2.9386336e+00
3.0599370e+00, 2.9737166e+00
3.0699934e+00, 3.0089960e+00
3.0800499e+00, 3.0444718e+00
3.0901067e+00, 3.0801439e+00
3.1001637e+00, 3.1160124e+00
3.1102210e+00, 3.1520772e+00
3.1202784e+00, 3.1883384e+00
3.1303360e+00, 3.2247959e+00
3.1403939e+00, 3.2614497e+00
3.1504520e+00, 3.2982998e+00
3.1605102e+00, 3.3353462e+00
3.1705687e+00, 3.3725889e+00
3.1806275e+00, 3.4100278e+00
3.1906864e+00, 3.4476630e+00
3.2007455e+00, 3.4854944e+00
3.2108049e+00, 3.5235220e+00
3.2208644e+00, 3.5617458e+00
3.2309242e+00, 3.6001657e+00
3.2409842e+00, 3.6387819e+00
3.2510444e+00, 3.6775942e+00
3.2611048e+00, 3.7166026e+00
3.2711654e+00, 3.7558072e+00
3.2812263e+00, 3.7952078e+00
3.2912873e+00, 3.8348045e+00
3.3013486e+00, 3.8745973e+00
3.3114101e+00, 3.9145862e+00
3.3214718e+00, 3.9547710e+00
3.3315337e+00, 3.9951519e+00
3.3415958e+00, 4.0357288e+00
3.3516581e+00, 4.0765017e+00
3.3617207e+00, 4.1174705e+00
3.3717834e+00, 4.1586352e+00
3.3818464e+00, 4.1999959e+00
3.3919096e+00, 4.2415525e+00
3.4019730e+00, 4.2833049e+00
3.4120366e+00, 4.3252532e+00
3.4221004e+00, 4.3673974e+00
3.4321645e+00, 4.4097374e+00
3.4422287e+00, 4.4522732e+00
3.4522932e+00, 4.4950047e+00
3.4623579e+00, 4.5379321e+00
3.4724228e+00, 4.5810551e+00
3.4824879e+00, 4.6243739e+00
3.4925532e+00, 4.6678885e+00
3.5026187e+00, 4.7115987e+00
3.5126845e+00, 4.7555045e+00
3.5227504e+00, 4.7996060e+00
3.5328166e+00, 4.8439031e+00
3.5428830e+00, 4.8883959e+00
3.5529496e+00, 4.9330842e+00
3.5630164e+00, 4.9779680e+00
3.5730834e+00, 5.0230474e+00
3.5831506e+00, 5.0683223e+00
3.5932181e+00, 5.1137928e+00
3.6032857e+00, 5.1594586e+00
3.6133536e+00, 5.2053200e+00
3.6234217e+00, 5.2513768e+00
3.6334900e+00, 5.2976289e+00
3.6435585e+00, 5.3440765e+00
3.6536272e+00, 5.3907195e+00
3.6636962e+00, 5.4375577e+00
3.6737653e+00, 5.4845913e+00
3.6838347e+00, 5.5318203e+00
3.6939043e+00, 5.5792444e+00
3.7039740e+00, 5.6268639e+00
3.7140440e+00, 5.6746786e+00
3.7241143e+00, 5.7226885e+00
3.7341847e+00, 5.7708935e+00
3.7442553e+00, 5.8192938e+00
3.7543262e+00, 5.8678892e+00
3.7643973e+00, 5.9166797e+00
3.7744685e+00, 5.9656653e+00
3.7845400e+00, 6.0148460e+00
3.7946117e+00, 6.0642218e+00
3.8046837e+00, 6.1137926e+00
3.8147558e+00, 6.1635583e+00
3.8248282e+00, 6.2135191e+00
3.8349007e+00, 6.2636749e+00
3.8449735e+00, 6.3140256e+00
3.8550465e+00, 6.3645712e+00
3.8651197e+00, 6.4153117e+00
3.8751931e+00, 6.4662471e+00
3.8852667e+00, 6.5173773e+00
3.8953406e+00, 6.5687023e+00
3.9054146e+00, 6.6202222e+00
3.9154889e+00, 6.6719368e+00
3.9255633e+00, 6.7238462e+00
3.9356380e+00, 6.7759504e+00
3.9457129e+00, 6.8282492e+00
3.9557881e+00, 6.8807427e+00
3.9658634e+00, 6.9334309e+00
3.9759389e+00, 6.9863138e+00
3.9860147e+00, 7.0393912e+00
3.9960907e+00, 7.0926633e+00
4.0061668e+00, 7.1461299e+00
4.0162432e+00, 7.1997911e+00
4.0263199e+00, 7.2536468e+00
4.0363967e+00, 7.3076970e+00
4.0464737e+00, 7.3619416e+00
4.0565510e+00, 7.4163807e+00
4.0666284e+00, 7.4710143e+00
4.0767061e+00, 7.5258423e+00
4.0867840e+00, 7.5808646e+00
4.0968621e+00, 7.6360813e+00
4.1069404e+00, 7.6914923e+00
4.1170189e+00, 7.7470977e+00
4.1270977e+00, 7.8028973e+00
4.1371766e+00, 7.8588912e+00
4.1472558e+00, 7.9150794e+00
4.1573352e+00, 7.9714617e+00
4.1674148e+00, 8.0280383e+00
4.1774946e+00, 8.0848090e+00
4.1875746e+00, 8.1417738e+00
4.1976548e+00, 8.1989328e+00
4.2077353e+00, 8.2562859e+00
4.2178159e+00, 8.3138330e+00
4.2278968e+00, 8.3715742e+00
4.2379779e+00, 8.4295095e+00
4.2480592e+00, 8.4876387e+00
4.2581407e+00, 8.5459619e+00
4.2682224e+00, 8.6044790e+00
4.2783043e+00, 8.6631901e+00
4.2883865e+00, 8.7220951e+00
4.2984688e+00, 8.7811940e+00
4.3085514e+00, 8.8404867e+00
4.3186342e+00, 8.8999732e+00
4.3287172e+00, 8.9596536e+00
4.3388004e+00, 9.0195277e+00
4.3488839e+00, 9.0795956e+00
4.3589675e+00, 9.1398573e+00
4.3690514e+00, 9.2003126e+00
4.3791354e+00, 9.2609617e+00
4.3892197e+00, 9.3218044e+00
4.3993042e+00, 9.3828407e+00
4.4093889e+00, 9.4440706e+00
4.4194738e+00, 9.5054942e+00
4.4295589e+00, 9.5671113e+00
4.4396443e+00, 9.6289219e+00
4.4497299e+00, 9.6909261e+00
4.4598156e+00, 9.7531237e+00
4.4699016e+00, 9.8155148e+00
4.4799878e+00, 9.8780994e+00
4.4900742e+00, 9.9408774e+00
4.5001608e+00, 1.0003849e+01
4.5102477e+00, 1.0067014e+01
4.5203347e+00, 1.0130372e+01
4.5304220e+00, 1.0193923e+01
4.5405095e+00, 1.0257668e+01
4.5505972e+00, 1.0321606e+01
4.5606851e+00, 1.0385737e+01
4.5707732e+00, 1.0450061e+01
4.5808615e+00, 1.0514579e+01
4.5909500e+00, 1.0579290e+01
4.6010388e+00, 1.0644194e+01
4.6111278e+00, 1.0709291e+01
4.6212169e+00, 1.0774581e+01
4.6313063e+00, 1.0840064e+01
4.6413960e+00, 1.0905741e+01
4.6514858e+00, 1.0971610e+01
4.6615758e+00, 1.1037672e+01
4.6716661e+00, 1.1103928e+01
4.6817565e+00, 1.1170376e+01
4.6918472e+00, 1.1237017e+01
4.7019381e+00, 1.1303851e+01
4.7120292e+00, 1.1370878e+01
4.7221205e+00, 1.1438098e+01
4.7322120e+00, 1.1505511e+01
4.7423037e+00, 1.1573116e+01
4.7523957e+00, 1.1640914e+01
4.7624879e+00, 1.1708905e+01
4.7725802e+00, 1.1777089e+01
4.7826728e+00, 1.1845466e+01
4.7927656e+00, 1.1914035e+01
4.8028586e+00, 1.1982796e+01
4.8129519e+00, 1.2051751e+01
4.8230453e+00, 1.2120898e+01
4.8331390e+00, 1.2190237e+01
4.8432328e+00, 1.2259770e+01
4.8533269e+00, 1.2329494e+01
4.8634212e+00, 1.2399411e+01
4.8735157e+00, 1.2469521e+01
4.8836104e+00, 1.2539823e+01
4.8937054e+00, 1.2610318e+01
4.9038005e+00, 1.2681005e+01
4.9138959e+00, 1.2751884e+01
4.9239915e+00, 1.2822956e+01
4.9340872e+00, 1.2894220e+01
4.9441832e+00, 1.2965676e+01
4.9542795e+00, 1.3037325e+01
4.9643759e+00, 1.3109166e+01
4.9744725e+00, 1.3181199e+01
4.9845694e+00, 1.3253424e+01
4.9946664e+00, 1.3325842e+01
5.0047637e+00, 1.3398451e+01
5.0148612e+00, 1.3471253e+01
5.0249589e+00, 1.3544247e+01
5.0350568e+00, 1.3617433e+01
5.0451550e+00, 1.3690811e+01
5.0552533e+00, 1.3764381e+01
5.0653519e+00, 1.3838143e+01
5.0754506e+00, 1.3912097e+01
5.0855496e+00, 1.3986243e+01
5.0956488e+00, 1.4060581e+01
5.1057482e+00, 1.4135111e+01
5.1158478e+00, 1.4209833e+01
5.1259477e+00, 1.4284746e+01
5.1360477e+00, 1.4359852e+01
5.1461480e+00, 1.4435149e+01
5.1562485e+00, 1.4510638e+01
5.1663491e+00, 1.4586319e+01
5.1764500e+00, 1.4662191e+01
5.1865512e+00, 1.4738256e+01
5.1966525e+00, 1.4814512e+01
5.2067540e+00, 1.4890959e+01
5.2168558e+00, 1.4967598e+01
5.2269577e+00, 1.5044429e+01
5.2370599e+00, 1.5121451e+01
5.2471623e+00, 1.5198665e+01
5.2572649e+00, 1.5276071e+01
5.2673677e+00, 1.5353668e+01
5.2774708e+00, 1.5431456e+01
5.2875740e+00, 1.5509436e+01
5.2976775e+00, 1.5587608e+01
5.3077811e+00, 1.5665970e+01
5.3178850e+00, 1.5744524e+01
5.3279891e+00, 1.5823270e+01
5.3380934e+00, 1.5902207e+01
5.3481979e+00, 1.5981335e+01
5.3583027e+00, 1.6060654e+01
5.3684076e+00, 1.6140165e+01
5.3785128e+00, 1.6219867e+01
5.3886182e+00, 1.6299760e+01
5.3987237e+00, 1.6379844e+01
5.4088295e+00, 1.6460119e+01
5.4189356e+00, 1.6540586e+01
5.4290418e+00, 1.6621244e+01
5.4391482e+00, 1.6702092e+01
5.4492549e+00, 1.6783132e+01
5.4593618e+00, 1.6864363e+01
5.4694688e+00, 1.6945785e+01
5.4795761e+00, 1.7027397e+01
5.4896836e+00, 1.7109201e+01
5.4997913e+00, 1.7191196e+01
5.5098993e+00, 1.7273381e+01
5.5200074e+00, 1.7355758e+01
5.5301158e+00, 1.7438325e+01
5.5402244e+00, 1.7521083e+01
5.5503331e+00, 1.7604032e+01
5.5604421e+00, 1.7687172e+01
5.5705513e+00, 1.7770502e+01
5.5806608e+00, 1.7854023e+01
5.5907704e+00, 1.7937735e+01
5.6008803e+00, 1.8021638e+01
5.6109903e+00, 1.8105731e+01
5.6211006e+00, 1.8190015e+01
5.6312111e+00, 1.8274489e+01
5.6413218e+00, 1.8359154e+01
5.6514327e+00, 1.8444009e+01
5.6615438e+00, 1.8529055e+01
5.6716552e+00, 1.8614292e+01
5.6817667e+00, 1.8699719e+01
5.6918785e+00, 1.8785336e+01
5.7019905e+00, 1.8871144e+01
5.7121027e+00, 1.8957142e+01
5.7222151e+00, 1.9043331e+01
5.7323277e+00, 1.9129710e+01
5.7424405e+00, 1.9216279e+01
5.7525536e+00, 1.9303038e+01
5.7626668e+00, 1.9389988e+01
5.7727803e+00, 1.9477128e+01
5.7828940e+00, 1.9564458e+01
5.7930079e+00, 1.9651979e+01
5.8031220e+00, 1.9739689e+01
5.8132363e+00, 1.9827590e+01
5.8233508e+00, 1.9915681e+01
5.8334656e+00, 2.0003962e+01
5.8435806e+00, 2.0092433e+01
5.8536957e+00, 2.0181094e+01
5.8638111e+00, 2.0269945e+01
5.8739267e+00, 2.0358986e+01
5.8840425e+00, 2.0448217e+01
5.8941586e+00, 2.0537638e+01
5.9042748e+00, 2.0627249e+01
5.9143913e+00, 2.0717049e+01
5.9245079e+00, 2.0807040e+01
5.9346248e+00, 2.0897220e+01
5.9447419e+00, 2.0987590e+01
5.9548592e+00, 2.1078150e+01
5.9649767e+00, 2.1168900e+01
5.9750945e+00, 2.1259839e+01
5.9852124e+00, 2.1350968e+01
5.9953306e+00, 2.1442287e+01
6.0054490e+00, 2.1533796e+01
6.0155675e+00, 2.1625494e+01
6.0256863e+00, 2.1717381e+01
6.0358053e+00, 2.1809459e+01
6.0459246e+00, 2.1901725e+01
6.0560440e+00, 2.1994182e+01
6.0661637e+00, 2.2086828e+01
6.0762835e+00, 2.2179663e+01
6.0864036e+00, 2.2272688e+01
6.0965239e+00, 2.2365902e+01
6.1066444e+00, 2.2459305e+01
6.1167651e+00, 2.2552898e+01
6.1268860e+00, 2.2646680e+01
6.1370072e+00, 2.2740652e+01
6.1471285e+00, 2.2834813e+01
6.1572501e+00, 2.2929163e+01
6.1673719e+00, 2.3023702e+01
6.1774939e+00, 2.3118431e+01
6.1876161e+00, 2.3213348e+01
6.1977385e+00, 2.3308455e+01
6.2078611e+00, 2.3403751e+01
6.2179840e+00, 2.3499236e+01
6.2281071e+00, 2.3594911e+01
6.2382303e+00, 2.3690774e+01
6.2483538e+00, 2.3786826e+01
6.2584775e+00, 2.3883068e+01
6.2686014e+00, 2.3979498e+01
6.2787256e+00, 2.4076117e+01
6.2888499e+00, 2.4172925e+01
6.2989744e+00, 2.4269922e+01
6.3090992e+00, 2.4367108e+01
6.3192242e+00, 2.4464483e+01
6.3293494e+00, 2.4562047e+01
6.3394748e+00, 2.4659799e+01
6.3496004e+00, 2.4757740e+01
6.3597262e+00, 2.4855870e+01
6.3698523e+00, 2.4954189e+01
6.3799785e+00, 2.5052696e+01
6.3901050e+00, 2.5151392e+01
6.4002317e+00, 2.5250277e+01
6.4103586e+00, 2.5349350e+01
6.4204857e+00, 2.5448612e+01
6.4306130e+00, 2.5548063e+01
6.4407405e+00, 2.5647701e+01
6.4508683e+00, 2.5747529e+01
6.4609962e+00, 2.5847545e+01
6.4711244e+00, 2.5947749e+01
6.4812528e+00, 2.6048142e+01
6.4913814e+00, 2.6148724e+01
6.5015102e+00, 2.6249493e+01
6.5116392e+00, 2.6350451e+01
6.5217685e+00, 2.6451598e+01
6.5318979e+00, 2.6552932e+01
6.5420276e+00, 2.6654455e+01
6.5521575e+00, 2.6756166e+01
6.5622876e+00, 2.6858066e+01
6.5724179e+00, 2.6960153e+01
6.5825484e+00, 2.7062429e+01
6.5926791e+00, 2.7164893e+01
6.6028101e+00, 2.7267545e+01
6.6129412e+00, 2.7370385e+01
6.6230726e+00, 2.7473413e+01
6.6332042e+00, 2.7576630e+01
6.6433360e+00, 2.7680034e+01
6.6534680e+00, 2.7783626e+01
6.6636002e+00, 2.7887407e+01
6.6737326e+00, 2.7991375e+01
6.6838653e+00, 2.8095531e+01
6.6939982e+00, 2.8199875e+01
6.7041312e+00, 2.8304407e+01
6.7142645e+00, 2.8409126e+01
6.7243980e+00, 2.8514034e+01
6.7345317e+00, 2.8619129e+01
6.7446657e+00, 2.8724412e+01
6.7547998e+00, 2.8829883e+01
6.7649342e+00, 2.8935541e+01
6.7750687e+00, 2.9041387e+01
6.7852035e+00, 2.9147421e+01
6.7953385e+00, 2.9253643e+01
6.8054737e+00, 2.9360052e+01
6.8156091e+00, 2.9466648e+01
6.8257448e+00, 2.9573432e+01
6.8358806e+00, 2.9680404e+01
6.8460167e+00, 2.9787563e+01
6.8561529e+00, 2.9894910e+01
6.8662894e+00, 3.0002444e+01
6.8764261e+00, 3.0110165e+01
6.8865630e+00, 3.0218074e+01
6.8967001e+00, 3.0326170e+01
6.9068375e+00, 3.0434454e+01
6.9169750e+00, 3.0542925e+01
6.9271128e+00, 3.0651583e+01
6.9372508e+00, 3.0760428e+01
6.9473890e+00, 3.0869461e+01
6.9575274e+00, 3.0978681e+01
6.9676660e+00, 3.1088088e+01
6.9778048e+00, 3.1197682e+01
6.9879438e+00, 3.1307463e+01
6.9980831e+00, 3.1417432e+01
7.0082226e+00, 3.1527587e+01
7.0183622e+00, 3.1637930e+01
7.0285021e+00, 3.1748459e+01
7.0386422e+00, 3.1859176e+01
7.0487826e+00, 3.1970079e+01
7.0589231e+00, 3.2081170e+01
7.0690638e+00, 3.2192447e+01
7.0792048e+00, 3.2303911e+01
7.0893460e+00, 3.2415562e+01
7.0994874e+00, 3.2527400e+01
7.1096289e+00, 3.2639425e+01
7.1197708e+00, 3.2751637e+01
7.1299128e+00, 3.2864035e+01
7.1400550e+00, 3.2976620e+01
7.1501975e+00, 3.3089392e+01
7.1603401e+00, 3.3202350e+01
7.1704830e+00, 3.3315495e+01
7.1806261e+00, 3.3428827e+01
7.1907694e+00, 3.3542345e+01
7.2009129e+00, 3.3656050e+01
7.2110566e+00, 3.3769941e+01
7.2212006e+00, 3.3884019e+01
7.2313447e+00, 3.3998283e+01
7.2414891e+00, 3.4112734e+01
7.2516337e+00, 3.4227372e+01
7.2617785e+00, 3.4342195e+01
7.2719235e+00, 3.4457205e+01
7.2820687e+00, 3.4572402e+01
7.2922141e+00, 3.4687785e+01
7.3023598e+00, 3.4803354e+01
7.3125057e+00, 3.4919109e+01
7.3226517e+00, 3.5035051e+01
7.3327980e+00, 3.5151178e+01
7.3429445e+00, 3.5267492e+01
7.3530912e+00, 3.5383993e+01
7.3632381e+00, 3.5500679e+01
7.3733853e+00, 3.5617552e+01
7.3835326e+00, 3.5734610e+01
7.3936802e+00, 3.5851855e+01
7.4038280e+00, 3.5969285e+01
7.4139760e+00, 3.6086902e+01
7.4241242e+00, 3.6204705e+01
7.4342726e+00, 3.6322693e+01
7.4444212e+00, 3.6440868e+01
7.4545701e+00, 3.6559228e+01
7.4647191e+00, 3.6677775e+01
7.4748684e+00, 3.6796507e+01
7.4850179e+00, 3.6915425e+01
7.4951676e+00, 3.7034529e+01
7.5053175e+00, 3.7153818e+01
7.5154676e+00, 3.7273294e+01
7.5256179e+00, 3.7392955e+01
7.5357685e+00, 3.7512801e+01
7.5459192e+00, 3.7632834e+01
7.5560702e+00, 3.7753052e+01
7.5662214e+00, 3.7873456e+01
7.5763728e+00, 3.7994045e+01
7.5865244e+00, 3.8114820e+01
7.5966762e+00, 3.8235780e+01
7.6068283e+00, 3.8356926e+01
7.6169805e+00, 3.8478257e+01
7.6271330e+00, 3.8599774e+01
7.6372857e+00, 3.8721476e+01
7.6474386e+00, 3.8843364e+01
7.6575917e+00, 3.8965437e+01
7.6677450e+00, 3.9087695e+01
7.6778985e+00, 3.9210139e+01
7.6880522e+00, 3.9332768e+01
7.6982062e+00, 3.9455582e+01
7.7083604e+00, 3.9578581e+01
7.7185148e+00, 3.9701766e+01
7.7286694e+00, 3.9825136e+01
7.7388242e+00, 3.9948691e+01
7.7489792e+00, 4.0072431e+01
7.7591344e+00, 4.0196356e+01
7.7692899e+00, 4.0320466e+01
7.7794455e+00, 4.0444761e+01
7.7896014e+00, 4.0569242e+01
7.7997575e+00, 4.0693907e+01
7.8099138e+00, 4.0818757e+01
7.8200703e+00, 4.0943793e+01
7.8302270e+00, 4.1069013e+01
7.8403840e+00, 4.1194418e+01
7.8505411e+00, 4.1320008e+01
7.8606985e+00, 4.1445782e+01
7.8708561e+00, 4.1571742e+01
7.8810139e+00, 4.1697886e+01
7.8911719e+00, 4.1824215e+01
7.9013301e+00, 4.1950729e+01
7.9114885e+00, 4.2077428e+01
7.9216472e+00, 4.2204311e+01
7.9318060e+00, 4.2331379e+01
7.9419651e+00, 4.2458631e+01
7.9521244e+00, 4.2586068e+01
7.9622839e+00, 4.2713690e+01
7.9724436e+00, 4.2841496e+01
7.9826035e+00, 4.2969486e+01
7.9927636e+00, 4.3097661e+01
8.0029240e+00, 4.3226021e+01
8.0130845e+00, 4.3354565e+01
8.0232453e+00, 4.3483293e+01
8.0334063e+00, 4.3612206e+01
8.0435675e+00, 4.3741303e+01
8.0537289e+00, 4.3870584e+01
8.0638905e+00, 4.4000050e+01
8.0740524e+00, 4.4129700e+01
8.0842144e+00, 4.4259534e+01
8.0943767e+00, 4.4389553e+01
8.1045392e+00, 4.4519755e+01
8.1147019e+00, 4.4650142e+01
8.1248648e+00, 4.4780713e+01
8.1350279e+00, 4.4911468e+01
8.1451912e+00, 4.5042407e+01
8.1553548e+00, 4.5173530e+01
8.1655185e+00, 4.5304837e+01
8.1756825e+00, 4.5436328e+01
8.1858467e+00, 4.5568003e+01
8.1960111e+00, 4.5699862e+01
8.2061757e+00, 4.5831905e+01
8.2163405e+00, 4.5964132e+01
8.2265056e+00, 4.6096543e+01
8.2366708e+00, 4.6229137e+01
8.2468363e+00, 4.6361916e+01
8.2570019e+00, 4.6494878e+01
8.2671678e+00, 4.6628023e+01
8.2773339e+00, 4.6761353e+01
8.2875003e+00, 4.6894866e+01
8.2976668e+00, 4.7028563e+01
8.3078335e+00, 4.7162444e+01
8.3180005e+00, 4.7296508e+01
8.3281676e+00, 4.7430756e+01
8.3383350e+00, 4.7565187e+01
8.3485026e+00, 4.7699802e+01
8.3586704e+00, 4.7834600e+01
8.3688384e+00, 4.7969582e+01
8.3790067e+00, 4.8104747e+01
8.3891751e+00, 4.8240096e+01
8.3993438e+00, 4.8375628e+01
8.4095126e+00, 4.8511343e+01
8.4196817e+00, 4.8647242e+01
8.4298510e+00, 4.8783324e+01
8.4400205e+00, 4.8919589e+01
8.4501903e+00, 4.9056038e+01
8.4603602e+00, 4.9192670e+01
8.4705304e+00, 4.9329485e+01
8.4807007e+00, 4.9466483e+01
8.4908713e+00, 4.9603664e+01
8.5010421e+00, 4.9741029e+01
8.5112131e+00, 4.9878576e+01
8.5213843e+00, 5.0016307e+01
8.5315557e+00, 5.0154220e+01
8.5417274e+00, 5.0292317e+01
8.5518992e+00, 5.0430597e+01
8.5620713e+00, 5.0569059e+01
8.5722436e+00, 5.0707705e+01
8.5824161e+00, 5.0846533e+01
8.5925888e+00, 5.0985545e+01
8.6027617e+00, 5.1124739e+01
8.6129348e+00, 5.1264116e+01
8.6231082e+00, 5.1403675e+01
8.6332817e+00, 5.1543418e+01
8.6434555e+00, 5.1683343e+01
8.6536295e+00, 5.1823451e+01
8.6638037e+00, 5.1963742e+01
8.6739781e+00, 5.2104215e+01
8.6841527e+00, 5.2244871e+01
8.6943276e+00, 5.2385709e+01
8.7045026e+00, 5.2526730e+01
8.7146779e+00, 5.2667934e+01
8.7248534e+00, 5.2809320e+01
8.7350291e+00, 5.2950888e+01
8.7452050e+00, 5.3092639e+01
8.7553811e+00, 5.3234573e+01
8.7655574e+00, 5.3376689e+01
8.7757339e+00, 5.3518987e+01
8.7859107e+00, 5.3661468e+01
8.7960877e+00, 5.3804130e+01
8.8062648e+00, 5.3946976e+01
8.8164422e+00, 5.4090003e+01
8.8266199e+00, 5.4233213e+01
8.8367977e+00, 5.4376605e+01
8.8469757e+00, 5.4520179e+01
8.8571540e+00, 5.4663935e+01
8.8673324e+00, 5.4807873e+01
8.8775111e+00, 5.4951994e+01
8.8876900e+00, 5.5096296e+01
8.8978691e+00, 5.5240781e+01
8.9080484e+00, 5.5385447e+01
8.9182279e+00, 5.5530296e+01
8.9284077e+00, 5.5675326e+01
8.9385876e+00, 5.5820539e+01
8.9487678e+00, 5.5965933e+01
8.9589481e+00, 5.6111509e+01
8.9691287e+00, 5.6257267e+01
8.9793095e+00, 5.6403207e+01
8.9894906e+00, 5.6549329e+01
8.9996718e+00, 5.6695632e+01
9.0098532e+00, 5.6842118e+01
9.0200349e+00, 5.6988784e+01
9.0302168e+00, 5.7135633e+01
9.0403988e+00, 5.7282663e+01
9.0505811e+00, 5.7429875e+01
9.0607636e+00, 5.7577268e+01
9.0709464e+00, 5.7724843e+01
9.0811293e+00, 5.7872600e+01
9.0913125e+00, 5.8020538e+01
9.1014958e+00, 5.8168658e+01
9.1116794e+00, 5.8316959e+01
9.1218632e+00, 5.8465441e+01
9.1320472e+00, 5.8614105e+01
9.1422314e+00, 5.8762950e+01
9.1524158e+00, 5.8911977e+01
9.1626005e+00, 5.9061184e+01
9.1727853e+00, 5.9210574e+01
9.1829704e+00, 5.9360144e+01
9.1931556e+00, 5.9509896e+01
9.2033411e+00, 5.9659828e+01
9.2135268e+00, 5.9809942e+01
9.2237128e+00, 5.9960238e+01
9.2338989e+00, 6.0110714e+01
9.2440852e+00, 6.0261371e+01
9.2542718e+00, 6.0412210e+01
9.2644586e+00, 6.0563229e+01
9.2746456e+00, 6.0714430e+01
9.2848327e+00, 6.0865811e+01
9.2950202e+00, 6.1017374e+01
9.3052078e+00, 6.1169117e+01
9.3153956e+00, 6.1321041e+01
9.3255837e+00, 6.1473146e+01
9.3357719e+00, 6.1625432e+01
9.3459604e+00, 6.1777899e+01
9.3561491e+00, 6.1930546e+01
9.3663380e+00, 6.2083375e+01
9.3765271e+00, 6.2236384e+01
9.3867164e+00, 6.2389574e+01
9.3969060e+00, 6.2542944e+01
9.4070957e+00, 6.2696495e+01
9.4172857e+00, 6.2850227e+01
9.4274759e+00, 6.3004139e+01
9.4376663e+00, 6.3158232e+01
9.4478569e+00, 6.3312505e+01
9.4580477e+00, 6.3466959e+01
9.4682387e+00, 6.3621593e+01
9.4784300e+00, 6.3776408e+01
9.4886214e+00, 6.3931403e+01
9.4988131e+00, 6.4086579e+01
9.5090050e+00, 6.4241935e+01
9.5191971e+00, 6.4397471e+01
9.5293894e+00, 6.4553187e+01
9.5395819e+00, 6.4709084e+01
9.5497746e+00, 6.4865161e+01
9.5599676e+00, 6.5021419e+01
9.5701608e+00, 6.5177856e+01
9.5803541e+00, 6.5334474e+01
9.5905477e+00, 6.5491272e+01
9.6007415e+00, 6.5648250e+01
9.6109355e+00, 6.5805408e+01
9.6211298e+00, 6.5962746e+01
9.6313242e+00, 6.6120264e+01
9.6415189e+00, 6.6277962e+01
9.6517137e+00, 6.6435840e+01
9.6619088e+00, 6.6593898e+01
9.6721041e+00, 6.6752136e+01
9.6822996e+00, 6.6910553e+01
9.6924953e+00, 6.7069151e+01
9.7026913e+00, 6.7227928e+01
9.7128874e+00, 6.7386886e+01
9.7230838e+00, 6.7546023e+01
9.7332803e+00, 6.7705339e+01
9.7434771e+00, 6.7864836e+01
9.7536741e+00, 6.8024512e+01
9.7638713e+00, 6.8184368e+01
9.7740688e+00, 6.8344403e+01
9.7842664e+00, 6.8504618e+01
9.7944642e+00, 6.8665013e+01
9.8046623e+00, 6.8825587e+01
9.8148606e+00, 6.8986340e+01
9.8250591e+00, 6.9147273e+01
9.8352578e+00, 6.9308386e+01
9.8454567e+00, 6.9469678e+01
9.8556558e+00, 6.9631149e+01
9.8658552e+00, 6.9792800e+01
9.8760547e+00, 6.9954630e+01
9.8862545e+00, 7.0116639e+01
9.8964545e+00, 7.0278828e+01
9.9066547e+00, 7.0441196e+01
9.9168551e+00, 7.0603743e+01
9.9270557e+00, 7.0766470e+01
9.9372565e+00, 7.0929375e+01
9.9474576e+00, 7.1092460e+01
9.9576588e+00, 7.1255723e+01
9.9678603e+00, 7.1419166e+01
9.9780620e+00, 7.1582788e+01
9.9882639e+00, 7.1746589e+01
9.9984660e+00, 7.1910569e+01
1.0008668e+01, 7.2074728e+01
1.0018871e+01, 7.2239066e+01
1.0029074e+01, 7.2403583e+01
1.0039277e+01, 7.2568278e+01
1.0049480e+01, 7.2733153e+01
1.0059683e+01, 7.2898206e+01
1.0069887e+01, 7.3063438e+01
1.0080091e+01, 7.3228849e+01
1.0090295e+01, 7.3394439e+01
1.0100499e+01, 7.3560207e+01
1.0110703e+01, 7.3726154e+01
1.0120908e+01, 7.3892280e+01
1.0131113e+01, 7.4058584e+01
1.0141318e+01, 7.4225067e+01
1.0151523e+01, 7.4391728e+01
1.0161729e+01, 7.4558568e+01
1.0171934e+01, 7.4725587e+01
1.0182140e+01, 7.4892784e+01
1.0192347e+01, 7.5060159e+01
1.0202553e+01, 7.5227713e+01
1.0212760e+01, 7.5395445e+01
1.0222966e+01, 7.5563356e+01
1.0233173e+01, 7.5731445e+01
1.0243381e+01, 7.5899712e+01
1.0253588e+01, 7.6068158e+01
1.0263796e+01, 7.6236781e+01
1.0274004e+01, 7.6405583e+01
1.0284212e+01, 7.6574564e+01
1.0294420e+01, 7.6743722e+01
1.0304628e+01, 7.6913058e+01
1.0314837e+01, 7.7082573e+01
1.0325046e+01, 7.7252266e+01
1.0335255e+01, 7.7422136e+01
1.0345465e+01, 7.7592185e+01
1.0355674e+01, 7.7762412e+01
1.0365884e+01, 7.7932817e+01
1.0376094e+01, 7.8103399e+01
1.0386304e+01, 7.8274160e+01
1.0396515e+01, 7.8445098e+01
1.0406725e+01, 7.8616215e+01
1.0416936e+01, 7.8787509e+01
1.0427147e+01, 7.8958980e+01
1.0437358e+01, 7.9130630e+01
1.0447570e+01, 7.9302457e+01
1.0457782e+01, 7.9474463e+01
1.0467993e+01, 7.9646645e+01
1.0478206e+01, 7.9819006e+01
1.0488418e+01, 7.9991544e+01
1.0498630e+01, 8.0164259e+01
1.0508843e+01, 8.0337152e+01
1.0519056e+01, 8.0510223e+01
1.0529269e+01, 8.0683471e+01
1.0539483e+01, 8.0856897e+01
1.0549696e+01, 8.1030500e+01
1.0559910e+01, 8.1204280e+01
1.0570124e+01, 8.1378238e+01
1.0580339e+01, 8.1552373e+01
1.0590553e+01, 8.1726686e+01
1.0600768e+01, 8.1901176e+01
1.0610983e+01, 8.2075843e+01
1.0621198e+01, 8.2250687e+01
1.0631413e+01, 8.2425709e+01
1.0641629e+01, 8.2600907e+01
1.0651844e+01, 8.2776283e+01
1.0662060e+01, 8.2951836e+01
1.0672276e+01, 8.3127566e+01
1.0682493e+01, 8.3303473e+01
1.0692709e+01, 8.3479558e+01
1.0702926e+01, 8.3655819e+01
1.0713143e+01, 8.3832257e+01
1.0723361e+01, 8.4008872e+01
1.0733578e+01, 8.4185664e+01
1.0743796e+01, 8.4362633e+01
1.0754014e+01, 8.4539779e+01
1.0764232e+01, 8.4717101e+01
1.0774450e+01, 8.4894601e+01
1.0784668e+01, 8.5072277e+01
1.0794887e+01, 8.5250130e+01
1.0805106e+01, 8.5428159e+01
1.0815325e+01, 8.5606366e+01
1.0825545e+01, 8.5784749e+01
1.0835764e+01, 8.5963308e+01
1.0845984e+01, 8.6142044e+01
1.0856204e+01, 8.6320957e+01
1.0866424e+01, 8.6500046e+01
1.0876645e+01, 8.6679312e+01
1.0886865e+01, 8.6858754e+01
1.0897086e+01, 8.7038373e+01
1.0907307e+01, 8.7218168e+01
1.0917529e+01, 8.7398139e+01
1.0927750e+01, 8.7578287e+01
1.0937972e+01, 8.7758612e+01
1.0948194e+01, 8.7939112e+01
1.0958416e+01, 8.8119789e+01
1.0968638e+01, 8.8300642e+01
1.0978861e+01, 8.8481671e+01
1.0989084e+01, 8.8662876e+01
1.0999307e+01, 8.8844258e+01
1.1009530e+01, 8.9025816e+01
1.1019753e+01, 8.9207549e+01
1.1029977e+01, 8.9389459e+01
1.1040201e+01, 8.9571545e+01
1.1050425e+01, 8.9753807e+01
1.1060649e+01, 8.9936245e+01
1.1070874e+01, 9.0118859e+01
1.1081098e+01, 9.0301648e+01
1.1091323e+01, 9.0484614e+01
1.1101548e+01, 9.0667755e+01
1.1111774e+01, 9.0851073e+01
1.1121999e+01, 9.1034566e+01
1.1132225e+01, 9.1218235e+01
1.1142451e+01, 9.1402079e+01
1.1152677e+01, 9.1586099e+01
1.1162903e+01, 9.1770295e+01
1.1173130e+01, 9.1954667e+01
1.1183357e+01, 9.2139214e+01
1.1193584e+01, 9.2323937e+01
1.1203811e+01, 9.2508836e+01
1.1214039e+01, 9.2693910e+01
1.1224266e+01, 9.2879159e+01
1.1234494e+01, 9.3064584e+01
1.1244722e+01, 9.3250184e+01
1.1254951e+01, 9.3435960e+01
1.1265179e+01, 9.3621911e+01
1.1275408e+01, 9.3808038e+01
1.1285637e+01, 9.3994340e+01
1.1295866e+01, 9.4180817e+01
1.1306095e+01, 9.4367469e+01
1.1316325e+01, 9.4554297e+01
1.1326555e+01, 9.4741300e+01
1.1336785e+01, 9.4928478e+01
1.1347015e+01, 9.5115831e+01
1.1357246e+01, 9.5303360e+01
1.1367476e+01, 9.5491063e+01
1.1377707e+01, 9.5678941e+01
1.1387938e+01, 9.5866995e+01
1.1398170e+01, 9.6055223e+01
1.1408401e+01, 9.6243627e+01
1.1418633e+01, 9.6432205e+01
1.1428865e+01, 9.6620959e+01
1.1439097e+01, 9.6809887e+01
1.1449329e+01, 9.6998990e+01
1.1459562e+01, 9.7188268e+01
1.1469795e+01, 9.7377720e+01
1.1480028e+01, 9.7567348e+01
1.1490261e+01, 9.7757150e+01
1.1500494e+01, 9.7947127e+01
1.1510728e+01, 9.8137278e+01
1.1520962e+01, 9.8327605e+01
1.1531196e+01, 9.8518105e+01
1.1541430e+01, 9.8708781e+01
1.1551665e+01, 9.8899631e+01
1.1561899e+01, 9.9090655e+01
1.1572134e+01, 9.9281854e+01
1.1582369e+01, 9.9473228e+01
1.1592605e+01, 9.9664775e+01
1.1602840e+01, 9.9856498e+01
1.1613076e+01, 1.0004839e+02
1.1623312e+01, 1.0024047e+02
1.1633548e+01, 1.0043271e+02
1.1643785e+01, 1.0062513e+02
1.1654021e+01, 1.0081772e+02
1.1664258e+01, 1.0101049e+02
1.1674495e+01, 1.0120343e+02
1.1684733e+01, 1.0139655e+02
1.1694970e+01, 1.0158984e+02
1.1705208e+01, 1.0178331e+02
1.1715446e+01, 1.0197694e+02
1.1725684e+01, 1.0217076e+02
1.1735922e+01, 1.0236474e+02
1.1746161e+01, 1.0255890e+02
1.1756399e+01, 1.0275324e+02
1.1766638e+01, 1.0294775e+02
1.1776878e+01, 1.0314243e+02
1.1787117e+01, 1.0333729e+02
1.1797357e+01, 1.0353232e+02
1.1807596e+01, 1.0372752e+02
1.1817836e+01, 1.0392290e+02
1.1828077e+01, 1.0411845e+02
1.1838317e+01, 1.0431418e+02
1.1848558e+01, 1.0451007e+02
1.1858799e+01, 1.0470615e+02
1.1869040e+01, 1.0490239e+02
1.1879281e+01, 1.0509881e+02
1.1889523e+01, 1.0529541e+02
1.1899764e+01, 1.0549217e+02
1.1910006e+01, 1.0568911e+02
1.1920249e+01, 1.0588623e+02
1.1930491e+01, 1.0608352e+02
1.1940734e+01, 1.0628098e+02
1.1950976e+01, 1.0647861e+02
1.1961219e+01, 1.0667642e+02
1.1971463e+01, 1.0687440e+02
1.1981706e+01, 1.0707255e+02
1.1991950e+01, 1.0727088e+02
1.2002194e+01, 1.0746938e+02
1.2012438e+01, 1.0766805e+02
1.2022682e+01, 1.0786690e+02
1.2032926e+01, 1.0806592e+02
1.2043171e+01, 1.0826511e+02
1.2053416e+01, 1.0846448e+02
1.2063661e+01, 1.0866402e+02
1.2073907e+01, 1.0886373e+02
1.2084152e+01, 1.0906362e+02
1.2094398e+01, 1.0926368e+02
1.2104644e+01, 1.0946391e+02
1.2114890e+01, 1.0966431e+02
1.2125137e+01, 1.0986489e+02
1.2135383e+01, 1.1006564e+02
1.2145630e+01, 1.1026656e+02
1.2155877e+01, 1.1046766e+02
1.2166125e+01, 1.1066892e+02
1.2176372e+01, 1.1087036e+02
1.2186620e+01, 1.1107198e+02
1.2196868e+01, 1.1127376e+02
1.2207116e+01, 1.1147572e+02
1.2217364e+01, 1.1167785e+02
1.2227613e+01, 1.1188016e+02
1.2237862e+01, 1.1208263e+02
1.2248111e+01, 1.1228528e+02
1.2258360e+01, 1.1248811e+02
1.2268609e+01, 1.1269110e+02
1.2278859e+01, 1.1289427e+02
1.2289109e+01, 1.1309760e+02
1.2299359e+01, 1.1330112e+02
1.2309609e+01, 1.1350480e+02
1.2319859e+01, 1.1370865e+02
1.2330110e+01, 1.1391268e+02
1.2340361e+01, 1.1411688e+02
1.2350612e+01, 1.1432125e+02
1.2360863e+01, 1.1452580e+02
1.2371115e+01, 1.1473052e+02
1.2381367e+01, 1.1493540e+02
1.2391619e+01, 1.1514047e+02
1.2401871e+01, 1.1534570e+02
1.2412123e+01, 1.1555110e+02
1.2422376e+01, 1.1575668e+02
1.2432629e+01, 1.1596243e+02
1.2442882e+01, 1.1616835e+02
1.2453135e+01, 1.1637444e+02
1.2463389e+01, 1.1658071e+02
1.2473642e+01, 1.1678714e+02
1.2483896e+01, 1.1699375e+02
1.2494150e+01, 1.1720053e+02
1.2504404e+01, 1.1740748e+02
1.2514659e+01, 1.1761461e+02
1.2524914e+01, 1.1782190e+02
1.2535169e+01, 1.1802937e+02
1.2545424e+01, 1.1823701e+02
1.2555679e+01, 1.1844482e+02
1.2565935e+01, 1.1865280e+02
1.2576191e+01, 1.1886095e+02
1.2586447e+01, 1.1906927e+02
1.2596703e+01, 1.1927777e+02
1.2606959e+01, 1.1948644e+02
1.2617216e+01, 1.1969528e+02
1.2627473e+01, 1.1990429e+02
1.2637730e+01, 1.2011347e+02
1.2647987e+01, 1.2032282e+02
1.2658245e+01, 1.2053234e+02
1.2668503e+01, 1.2074204e+02
1.2678760e+01, 1.2095191e+02
1.2689019e+01, 1.2116194e+02
1.2699277e+01, 1.2137215e+02
1.2709536e+01, 1.2158253e+02
1.2719794e+01, 1.2179308e+02
1.2730053e+01, 1.2200381e+02
1.2740313e+01, 1.2221470e+02
1.2750572e+01, 1.2242576e+02
1.2760832e+01, 1.2263700e+02
1.2771091e+01, 1.2284840e+02
1.2781352e+01, 1.2305998e+02
1.2791612e+01, 1.2327173e+02
1.2801872e+01, 1.2348365e+02
1.2812133e+01, 1.2369574e+02
1.2822394e+01, 1.2390800e+02
1.2832655e+01, 1.2412043e+02
1.2842916e+01, 1.2433303e+02
1.2853178e+01, 1.2454580e+02
1.2863440e+01, 1.2475875e+02
1.2873702e+01, 1.2497186e+02
1.2883964e+01, 1.2518514e+02
1.2894226e+01, 1.2539860e+02
1.2904489e+01, 1.2561222e+02
1.2914752e+01, 1.2582602e+02
1.2925015e+01, 1.2603999e+02
1.2935278e+01, 1.2625412e+02
1.2945542e+01, 1.2646843e+02
1.2955805e+01, 1.2668291e+02
1.2966069e+01, 1.2689756e+02
1.2976333e+01, 1.2711237e+02
1.2986598e+01, 1.2732736e+02
1.2996862e+01, 1.2754252e+02
1.3007127e+01, 1.2775785e+02
1.3017392e+01, 1.2797335e+02
1.3027657e+01, 1.2818902e+02
1.3037923e+01, 1.2840486e+02
1.3048188e+01, 1.2862087e+02
1.3058454e+01, 1.2883705e+02
1.3068720e+01, 1.2905340e+02
1.3078986e+01, 1.2926992e+02
1.3089253e+01, 1.2948661e+02
1.3099519e+01, 1.2970347e+02
1.3109786e+01, 1.2992050e+02
1.3120053e+01, 1.3013770e+02
1.3130321e+01, 1.3035507e+02
1.3140588e+01, 1.3057261e+02
1.3150856e+01, 1.3079031e+02
1.3161124e+01, 1.3100819e+02
1.3171392e+01, 1.3122624e+02
1.3181660e+01, 1.3144446e+02
1.3191929e+01, 1.3166285e+02
1.3202198e+01, 1.3188141e+02
1.3212467e+01, 1.3210013e+02
1.3222736e+01, 1.3231903e+02
1.3233006e+01, 1.3253809e+02
1.3243275e+01, 1.3275733e+02
1.3253545e+01, 1.3297674e+02
1.3263815e+01, 1.3319631e+02
1.3274085e+01, 1.3341605e+02
1.3284356e+01, 1.3363597e+02
1.3294627e+01, 1.3385605e+02
1.3304898e+01, 1.3407630e+02
1.3315169e+01, 1.3429672e+02
1.3325440e+01, 1.3451731e+02
1.3335712e+01, 1.3473807e+02
1.3345983e+01, 1.3495900e+02
1.3356255e+01, 1.3518010e+02
1.3366528e+01, 1.3540137e+02
1.3376800e+01, 1.3562281e+02
1.3387073e+01, 1.3584441e+02
1.3397346e+01, 1.3606619e+02
1.3407619e+01, 1.3628813e+02
1.3417892e+01, 1.3651024e+02
1.3428165e+01, 1.3673252e+02
1.3438439e+01, 1.3695497e+02
1.3448713e+01, 1.3717759e+02
1.3458987e+01, 1.3740038e+02
1.3469262e+01, 1.3762334e+02
1.3479536e+01, 1.3784646e+02
1.3489811e+01, 1.3806976e+02
1.3500086e+01, 1.3829322e+02
1.3510361e+01, 1.3851685e+02
1.3520636e+01, 1.3874065e+02
1.3530912e+01, 1.3896462e+02
1.3541188e+01, 1.3918876e+02
1.3551464e+01, 1.3941307e+02
1.3561740e+01, 1.3963754e+02
1.3572017e+01, 1.3986218e+02
1.3582293e+01, 1.4008700e+02
1.3592570e+01, 1.4031198e+02
1.3602847e+01, 1.4053713e+02
1.3613125e+01, 1.4076244e+02
1.3623402e+01, 1.4098793e+02
1.3633680e+01, 1.4121358e+02
1.3643958e+01, 1.4143940e+02
1.3654236e+01, 1.4166539e+02
1.3664515e+01, 1.4189155e+02
1.3674793e+01, 1.4211788e+02
1.3685072e+01, 1.4234437e+02
1.3695351e+01, 1.4257104e+02
1.3705630e+01, 1.4279787e+02
1.3715910e+01, 1.4302487e+02
1.3726189e+01, 1.4325203e+02
1.3736469e+01, 1.4347937e+02
1.3746749e+01, 1.4370687e+02
1.3757030e+01, 1.4393454e+02
1.3767310e+01, 1.4416238e+02
1.3777591e+01, 1.4439039e+02
1.3787872e+01, 1.4461856e+02
1.3798153e+01, 1.4484691e+02
1.3808434e+01, 1.4507542e+02
1.3818716e+01, 1.4530409e+02
1.3828998e+01, 1.4553294e+02
1.3839280e+01, 1.4576195e+02
1.3849562e+01, 1.4599113e+02
1.3859845e+01, 1.4622048e+02
1.3870127e+01, 1.4645000e+02
1.3880410e+01, 1.4667968e+02
1.3890693e+01, 1.4690953e+02
1.3900976e+01, 1.4713955e+02
1.3911260e+01, 1.4736974e+02
1.3921544e+01, 1.4760009e+02
1.3931828e+01, 1.4783061e+02
1.3942112e+01, 1.4806130e+02
1.3952396e+01, 1.4829216e+02
1.3962681e+01, 1.4852318e+02
1.3972965e+01, 1.4875437e+02
1.3983250e+01, 1.4898573e+02
1.3993536e+01, 1.4921725e+02
1.4003821e+01, 1.4944895e+02
1.4014107e+01, 1.4968080e+02
1.4024393e+01, 1.4991283e+02
1.4034679e+01, 1.5014502e+02
1.4044965e+01, 1.5037738e+02
1.4055251e+01, 1.5060991e+02
1.4065538e+01, 1.5084261e+02
1.4075825e+01, 1.5107547e+02
1.4086112e+01, 1.5130849e+02
1.4096400e+01, 1.5154169e+02
1.4106687e+01, 1.5177505e+02
1.4116975e+01, 1.5200858e+02
1.4127263e+01, 1.5224228e+02
1.4137551e+01, 1.5247614e+02
1.4147839e+01, 1.5271017e+02
1.4158128e+01, 1.5294436e+02
1.4168417e+01, 1.5317872e+02
1.4178706e+01, 1.5341325e+02
1.4188995e+01, 1.5364795e+02
1.4199285e+01, 1.5388281e+02
1.4209574e+01, 1.5411784e+02
1.4219864e+01, 1.5435303e+02
1.4230154e+01, 1.5458840e+02
1.4240445e+01, 1.5482392e+02
1.4250735e+01, 1.5505962e+02
1.4261026e+01, 1.5529548e+02
1.4271317e+01, 1.5553151e+02
1.4281608e+01, 1.5576770e+02
1.4291900e+01, 1.5600406e+02
1.4302191e+01, 1.5624058e+02
1.4312483e+01, 1.5647728e+02
1.4322775e+01, 1.5671414e+02
1.4333067e+01, 1.5695116e+02
1.4343360e+01, 1.5718835e+02
1.4353652e+01, 1.5742571e+02
1.4363945e+01, 1.5766323e+02
1.4374238e+01, 1.5790092e+02
1.4384532e+01, 1.5813877e+02
1.4394825e+01, 1.5837679e+02
1.4405119e+01, 1.5861498e+02
1.4415413e+01, 1.5885333e+02
1.4425707e+01, 1.5909185e+02
1.4436001e+01, 1.5933053e+02
1.4446296e+01, 1.5956938e+02
1.4456591e+01, 1.5980840e+02
1.4466886e+01, 1.6004758e+02
1.4477181e+01, 1.6028693e+02
1.4487476e+01, 1.6052644e+02
1.4497772e+01, 1.6076612e+02
1.4508068e+01, 1.6100596e+02
1.4518364e+01, 1.6124597e+02
1.4528660e+01, 1.6148615e+02
1.4538957e+01, 1.6172649e+02
1.4549254e+01, 1.6196699e+02
1.4559551e+01, 1.6220767e+02
1.4569848e+01, 1.6244850e+02
1.4580145e+01, 1.6268950e+02
1.4590443e+01, 1.6293067e+02
1.4600740e+01, 1.6317201e+02
1.4611038e+01, 1.6341350e+02
1.4621337e+01, 1.6365517e+02
1.4631635e+01, 1.6389699e+02
1.4641934e+01, 1.6413899e+02
1.4652232e+01, 1.6438115e+02
1.4662532e+01, 1.6462347e+02
1.4672831e+01, 1.6486596e+02
1.4683130e+01, 1.6510861e+02
1.4693430e+01, 1.6535143e+02
1.4703730e+01, 1.6559442e+02
1.4714030e+01, 1.6583757e+02
1.4724330e+01, 1.6608088e+02
1.4734631e+01, 1.6632436e+02
1.4744932e+01, 1.6656800e+02
1.4755233e+01, 1.6681181e+02
1.4765534e+01, 1.6705578e+02
1.4775835e+01, 1.6729992e+02
1.4786137e+01, 1.6754423e+02
1.4796439e+01, 1.6778869e+02
1.4806741e+01, 1.6803332e+02
1.4817043e+01, 1.6827812e+02
1.4827346e+01, 1.6852308e+02
1.4837648e+01, 1.6876821e+02
1.4847951e+01, 1.6901350e+02
1.4858254e+01, 1.6925895e+02
1.4868558e+01, 1.6950457e+02
1.4878861e+01, 1.6975036e+02
1.4889165e+01, 1.6999630e+02
1.4899469e+01, 1.7024242e+02
1.4909773e+01, 1.7048869e+02
1.4920077e+01, 1.7073514e+02
1.4930382e+01, 1.7098174e+02
1.4940687e+01, 1.7122851e+02
1.4950992e+01, 1.7147544e+02
1.4961297e+01, 1.7172254e+02
1.4971602e+01, 1.7196980e+02
1.4981908e+01, 1.7221723e+02
1.4992214e+01, 1.7246482e+02
1.5002520e+01, 1.7271257e+02
1.5012826e+01, 1.7296049e+02
1.5023133e+01, 1.7320857e+02
1.5033440e+01, 1.7345682e+02
1.5043747e+01, 1.7370523e+02
1.5054054e+01, 1.7395380e+02
1.5064361e+01, 1.7420254e+02
1.5074669e+01, 1.7445144e+02
1.5084977e+01, 1.7470051e+02
1.5095285e+01, 1.7494974e+02
1.5105593e+01, 1.7519913e+02
1.5115901e+01, 1.7544869e+02
1.5126210e+01, 1.7569841e+02
1.5136519e+01, 1.7594829e+02
1.5146828e+01, 1.7619834e+02
1.5157137e+01, 1.7644855e+02
1.5167447e+01, 1.7669892e+02
1.5177756e+01, 1.7694946e+02
1.5188066e+01, 1.7720016e+02
1.5198376e+01, 1.7745103e+02
1.5208687e+01, 1.7770205e+02
1.5218997e+01, 1.7795325e+02
1.5229308e+01, 1.7820460e+02
1.5239619e+01, 1.7845612e+02
1.5249930e+01, 1.7870780e+02
1.5260242e+01, 1.7895964e+02
1.5270553e+01, 1.7921165e+02
1.5280865e+01, 1.7946382e+02
1.5291177e+01, 1.7971616e+02
1.5301490e+01, 1.7996865e+02
1.5311802e+01, 1.8022131e+02
1.5322115e+01, 1.8047414e+02
1.5332428e+01, 1.8072712e+02
1.5342741e+01, 1.8098027e+02
1.5353054e+01, 1.8123358e+02
1.5363368e+01, 1.8148706e+02
1.5373681e+01, 1.8174069e+02
1.5383995e+01, 1.8199449e+02
1.5394310e+01, 1.8224846e+02
1.5404624e+01, 1.8250258e+02
1.5414939e+01, 1.8275687e+02
1.5425253e+01, 1.8301132e+02
1.5435568e+01, 1.8326594e+02
1.5445884e+01, 1.8352071e+02
1.5456199e+01, 1.8377565e+02
1.5466515e+01, 1.8403075e+02
1.5476831e+01, 1.8428602e+02
1.5487147e+01, 1.8454144e+02
1.5497463e+01, 1.8479703e+02
1.5507780e+01, 1.8505278e+02
1.5518096e+01, 1.8530870e+02
1.5528413e+01, 1.8556477e+02
1.5538731e+01, 1.8582101e+02
1.5549048e+01, 1.8607741e+02
1.5559366e+01, 1.8633398e+02
1.5569683e+01, 1.8659070e+02
1.5580001e+01, 1.8684759e+02
1.5590320e+01, 1.8710464e+02
1.5600638e+01, 1.8736185e+02
1.5610957e+01, 1.8761922e+02
1.5621276e+01, 1.8787676e+02
1.5631595e+01, 1.8813446e+02
1.5641914e+01, 1.8839232e+02
1.5652234e+01, 1.8865034e+02
1.5662553e+01, 1.8890852e+02
1.5672873e+01, 1.8916687e+02
1.5683193e+01, 1.8942538e+02
1.5693514e+01, 1.8968405e+02
1.5703834e+01, 1.8994288e+02
1.5714155e+01, 1.9020187e+02
1.5724476e+01, 1.9046102e+02
1.5734797e+01, 1.9072034e+02
1.5745119e+01, 1.9097982e+02
1.5755440e+01, 1.9123946e+02
1.5765762e+01, 1.9149926e+02
1.5776084e+01, 1.9175922e+02
1.5786407e+01, 1.9201934e+02
1.5796729e+01, 1.9227963e+02
1.5807052e+01, 1.9254008e+02
1.5817375e+01, 1.9280068e+02
1.5827698e+01, 1.9306145e+02
1.5838021e+01, 1.9332239e+02
1.5848345e+01, 1.9358348e+02
1.5858669e+01, 1.9384473e+02
1.5868993e+01, 1.9410615e+02
1.5879317e+01, 1.9436772e+02
1.5889641e+01, 1.9462946e+02
1.5899966e+01, 1.9489136e+02
1.5910291e+01, 1.9515342e+02
1.5920616e+01, 1.9541564e+02
1.5930941e+01, 1.9567802e+02
1.5941267e+01, 1.9594056e+02
1.5951592e+01, 1.9620327e+02
1.5961918e+01, 1.9646613e+02
1.5972244e+01, 1.9672916e+02
1.5982571e+01, 1.9699234e+02
1.5992897e+01, 1.9725569e+02
1.6003224e+01, 1.9751920e+02
1.6013551e+01, 1.9778287e+02
1.6023878e+01, 1.9804670e+02
1.6034206e+01, 1.9831069e+02
1.6044533e+01, 1.9857484e+02
1.6054861e+01, 1.9883915e+02
1.6065189e+01, 1.9910362e+02
1.6075517e+01, 1.9936825e+02
1.6085846e+01, 1.9963305e+02
1.6096174e+01, 1.9989800e+02
1.6106503e+01, 2.0016312e+02
1.6116832e+01, 2.0042839e+02
1.6127162e+01, 2.0069383e+02
1.6137491e+01, 2.0095942e+02
1.6147821e+01, 2.0122518e+02
1.6158151e+01, 2.0149109e+02
1.6168481e+01, 2.0175717e+02
1.6178812e+01, 2.0202341e+02
1.6189142e+01, 2.0228980e+02
1.6199473e+01, 2.0255636e+02
1.6209804e+01, 2.0282308e+02
1.6220135e+01, 2.0308995e+02
1.6230467e+01, 2.0335699e+02
1.6240798e+01, 2.0362419e+02
1.6251130e+01, 2.0389155e+02
1.6261462e+01, 2.0415906e+02
1.6271795e+01, 2.0442674e+02
1.6282127e+01, 2.0469458e+02
1.6292460e+01, 2.0496257e+02
1.6302793e+01, 2.0523073e+02
1.6313126e+01, 2.0549905e+02
1.6323459e+01, 2.0576752e+02
1.6333793e+01, 2.0603616e+02
1.6344127e+01, 2.0630496e+02
1.6354461e+01, 2.0657391e+02
1.6364795e+01, 2.0684303e+02
1.6375129e+01, 2.0711230e+02
1.6385464e+01, 2.0738174e+02
1.6395799e+01, 2.0765133e+02
1.6406134e+01, 2.0792108e+02
1.6416469e+01, 2.0819100e+02
1.6426805e+01, 2.0846107e+02
1.6437140e+01, 2.0873130e+02
1.6447476e+01, 2.0900169e+02
1.6457812e+01, 2.0927224e+02
1.6468149e+01, 2.0954295e+02
1.6478485e+01, 2.0981382e+02
1.6488822e+01, 2.1008485e+02
1.6499159e+01, 2.1035603e+02
1.6509496e+01, 2.1062738e+02
1.6519834e+01, 2.1089889e+02
1.6530171e+01, 2.1117055e+02
1.6540509e+01, 2.1144237e+02
1.6550847e+01, 2.1171436e+02
1.6561186e+01, 2.1198650e+02
1.6571524e+01, 2.1225880e+02
1.6581863e+01, 2.1253126e+02
1.6592202e+01, 2.1280388e+02
1.6602541e+01, 2.1307665e+02
1.6612880e+01, 2.1334959e+02
1.6623220e+01, 2.1362268e+02
1.6633559e+01, 2.1389594e+02
1.6643899e+01, 2.1416935e+02
1.6654240e+01, 2.1444292e+02
1.6664580e+01, 2.1471665e+02
1.6674921e+01, 2.1499054e+02
1.6685261e+01, 2.1526458e+02
1.6695602e+01, 2.1553879e+02
1.6705944e+01, 2.1581315e+02
1.6716285e+01, 2.1608767e+02
1.6726627e+01, 2.1636235e+02
1.6736969e+01, 2.1663719e+02
1.6747311e+01, 2.1691219e+02
1.6757653e+01, 2.1718735e+02
1.6767996e+01, 2.1746266e+02
1.6778338e+01, 2.1773813e+02
1.6788681e+01, 2.1801376e+02
1.6799025e+01, 2.1828955e+02
1.6809368e+01, 2.1856550e+02
1.6819711e+01, 2.1884160e+02
1.6830055e+01, 2.1911787e+02
1.6840399e+01, 2.1939429e+02
1.6850744e+01, 2.1967087e+02
1.6861088e+01, 2.1994760e+02
1.6871433e+01, 2.2022450e+02
1.6881778e+01, 2.2050155e+02
1.6892123e+01, 2.2077876e+02
1.6902468e+01, 2.2105613e+02
1.6912813e+01, 2.2133366e+02
1.6923159e+01, 2.2161134e+02
1.6933505e+01, 2.2188918e+02
1.6943851e+01, 2.2216718e+02
1.6954198e+01, 2.2244534e+02
1.6964544e+01, 2.2272365e+02
1.6974891e+01, 2.2300213e+02
1.6985238e+01, 2.2328076e+02
1.6995585e+01, 2.2355954e+02
1.7005933e+01, 2.2383849e+02
1.7016280e+01, 2.2411759e+02
1.7026628e+01, 2.2439685e+02
1.7036976e+01, 2.2467627e+02
1.7047325e+01, 2.2495584e+02
1.7057673e+01, 2.2523558e+02
1.7068022e+01, 2.2551547e+02
1.7078371e+01, 2.2579551e+02
1.7088720e+01, 2.2607572e+02
1.7099069e+01, 2.2635608e+02
1.7109419e+01, 2.2663660e+02
1.7119768e+01, 2.2691727e+02
1.7130118e+01, 2.2719810e+02
1.7140469e+01, 2.2747909e+02
1.7150819e+01, 2.2776024e+02
1.7161170e+01, 2.2804154e+02
1.7171521e+01, 2.2832300e+02
1.7181872e+01, 2.2860462e+02
1.7192223e+01, 2.2888639e+02
1.7202574e+01, 2.2916833e+02
1.7212926e+01, 2.2945041e+02
1.7223278e+01, 2.2973266e+02
1.7233630e+01, 2.3001506e+02
1.7243982e+01, 2.3029762e+02
1.7254335e+01, 2.3058033e+02
1.7264688e+01, 2.3086320e+02
1.7275041e+01, 2.3114623e+02
1.7285394e+01, 2.3142942e+02
1.7295747e+01, 2.3171276e+02
1.7306101e+01, 2.3199626e+02
1.7316455e+01, 2.3227991e+02
1.7326809e+01, 2.3256372e+02
1.7337163e+01, 2.3284769e+02
1.7347517e+01, 2.3313181e+02
1.7357872e+01, 2.3341609e+02
1.7368227e+01, 2.3370053e+02
1.7378582e+01, 2.3398512e+02
1.7388937e+01, 2.3426987e+02
1.7399293e+01, 2.3455477e+02
1.7409649e+01, 2.3483983e+02
1.7420005e+01, 2.3512505e+02
1.7430361e+01, 2.3541042e+02
1.7440717e+01, 2.3569595e+02
1.7451074e+01, 2.3598163e+02
1.7461431e+01, 2.3626748e+02
1.7471788e+01, 2.3655347e+02
1.7482145e+01, 2.3683962e+02
1.7492502e+01, 2.3712593e+02
1.7502860e+01, 2.3741240e+02
1.7513218e+01, 2.3769902e+02
1.7523576e+01, 2.3798579e+02
1.7533934e+01, 2.3827273e+02
1.7544293e+01, 2.3855981e+02
1.7554651e+01, 2.3884706e+02
1.7565010e+01, 2.3913445e+02
1.7575369e+01, 2.3942201e+02
1.7585729e+01, 2.3970972e+02
1.7596088e+01, 2.3999758e+02
1.7606448e+01, 2.4028560e+02
1.7616808e+01, 2.4057378e+02
1.7627168e+01, 2.4086211e+02
1.7637529e+01, 2.4115060e+02
1.7647889e+01, 2.4143924e+02
1.7658250e+01, 2.4172804e+02
1.7668611e+01, 2.4201699e+02
1.7678973e+01, 2.4230610e+02
1.7689334e+01, 2.4259536e+02
1.7699696e+01, 2.4288478e+02
1.7710058e+01, 2.4317436e+02
1.7720420e+01, 2.4346409e+02
1.7730782e+01, 2.4375397e+02
1.7741145e+01, 2.4404401e+02
1.7751508e+01, 2.4433420e+02
1.7761871e+01, 2.4462455e+02
1.7772234e+01, 2.4491505e+02
1.7782597e+01, 2.4520571e+02
1.7792961e+01, 2.4549653e+02
1.7803325e+01, 2.4578750e+02
1.7813689e+01, 2.4607862e+02
1.7824053e+01, 2.4636990e+02
1.7834417e+01, 2.4666133e+02
1.7844782e+01, 2.4695292e+02
1.7855147e+01, 2.4724466e+02
1.7865512e+01, 2.4753655e+02
1.7875878e+01, 2.4782861e+02
1.7886243e+01, 2.4812081e+02
1.7896609e+01, 2.4841317e+02
1.7906975e+01, 2.4870569e+02
1.7917341e+01, 2.4899835e+02
1.7927707e+01, 2.4929118e+02
1.7938074e+01, 2.4958416e+02
1.7948441e+01, 2.4987729e+02
1.7958808e+01, 2.5017057e+02
1.7969175e+01, 2.5046401e+02
1.7979543e+01, 2.5075761e+02
1.7989910e+01, 2.5105136e+02
1.8000278e+01, 2.5134526e+02
1.8010646e+01, 2.5163932e+02
1.8021014e+01, 2.5193353e+02
1.8031383e+01, 2.5222789e+02
1.8041752e+01, 2.5252241e+02
1.8052121e+01, 2.5281709e+02
1.8062490e+01, 2.5311191e+02
1.8072859e+01, 2.5340690e+02
1.8083229e+01, 2.5370203e+02
1.8093599e+01, 2.5399732e+02
1.8103969e+01, 2.5429276e+02
1.8114339e+01, 2.5458836e+02
1.8124709e+01, 2.5488411e+02
1.8135080e+01, 2.5518001e+02
1.8145451e+01, 2.5547607e+02
1.8155822e+01, 2.5577228e+02
1.8166193e+01, 2.5606864e+02
1.8176565e+01, 2.5636516e+02
1.8186936e+01, 2.5666183e+02
1.8197308e+01, 2.5695866e+02
1.8207681e+01, 2.5725564e+02
1.8218053e+01, 2.5755277e+02
1.8228425e+01, 2.5785005e+02
1.8238798e+01, 2.5814749e+02
1.8249171e+01, 2.5844509e+02
1.8259544e+01, 2.5874283e+02
1.8269918e+01, 2.5904073e+02
1.8280292e+01, 2.5933878e+02
1.8290665e+01, 2.5963699e+02
1.8301039e+01, 2.5993534e+02
1.8311414e+01, 2.6023385e+02
1.8321788e+01, 2.6053252e+02
1.8332163e+01, 2.6083133e+02
1.8342538e+01, 2.6113030e+02
1.8352913e+01, 2.6142943e+02
1.8363288e+01, 2.6172870e+02
1.8373664e+01, 2.6202813e+02
1.8384040e+01, 2.6232771e+02
1.8394416e+01, 2.6262745e+02
1.8404792e+01, 2.6292733e+02
1.8415168e+01, 2.6322737e+02
1.8425545e+01, 2.6352757e+02
1.8435922e+01, 2.6382791e+02
1.8446299e+01, 2.6412841e+02
1.8456676e+01, 2.6442906e+02
1.8467053e+01, 2.6472986e+02
1.8477431e+01, 2.6503082e+02
1.8487809e+01, 2.6533192e+02
1.8498187e+01, 2.6563318e+02
1.8508566e+01, 2.6593460e+02
1.8518944e+01, 2.6623616e+02
1.8529323e+01, 2.6653788e+02
1.8539702e+01, 2.6683975e+02
1.8550081e+01, 2.6714177e+02
1.8560460e+01, 2.6744394e+02
1.8570840e+01, 2.6774627e+02
1.8581220e+01, 2.6804875e+02
1.8591600e+01, 2.6835138e+02
1.8601980e+01, 2.6865416e+02
1.8612361e+01, 2.6895710e+02
1.8622741e+01, 2.6926018e+02
1.8633122e+01, 2.6956342e+02
1.8643503e+01, 2.6986681e+02
1.8653884e+01, 2.7017035e+02
1.8664266e+01, 2.7047405e+02
1.8674648e+01, 2.7077789e+02
1.8685030e+01, 2.7108189e+02
1.8695412e+01, 2.7138604e+02
1.8705794e+01, 2.7169034e+02
1.8716177e+01, 2.7199480e+02
1.8726560e+01, 2.7229940e+02
1.8736943e+01, 2.7260416e+02
1.8747326e+01, 2.7290906e+02
1.8757709e+01, 2.7321412e+02
1.8768093e+01, 2.7351933e+02
1.8778477e+01, 2.7382470e+02
1.8788861e+01, 2.7413021e+02
1.8799245e+01, 2.7443588e+02
1.8809630e+01, 2.7474169e+02
1.8820014e+01, 2.7504766e+02
1.8830399e+01, 2.7535378e+02
1.8840784e+01, 2.7566005e+02
1.8851170e+01, 2.7596647e+02
1.8861555e+01, 2.7627304e+02
1.8871941e+01, 2.7657977e+02
1.8882327e+01, 2.7688664e+02
1.8892713e+01, 2.7719367e+02
1.8903100e+01, 2.7750084e+02
1.8913486e+01, 2.7780817e+02
1.8923873e+01, 2.7811565e+02
1.8934260e+01, 2.7842328e+02
1.8944648e+01, 2.7873106e+02
1.8955035e+01, 2.7903899e+02
1.8965423e+01, 2.7934708e+02
1.8975811e+01, 2.7965531e+02
1.8986199e+01, 2.7996369e+02
1.8996587e+01, 2.8027223e+02
1.9006976e+01, 2.8058091e+02
1.9017365e+01, 2.8088975e+02
1.9027754e+01, 2.8119873e+02
1.9038143e+01, 2.8150787e+02
1.9048532e+01, 2.8181716e+02
1.9058922e+01, 2.8212660e+02
1.9069312e+01, 2.8243618e+02
1.9079702e+01, 2.8274592e+02
1.9090092e+01, 2.8305581e+02
1.9100482e+01, 2.8336585e+02
1.9110873e+01, 2.8367604e+02
1.9121264e+01, 2.8398638e+02
1.9131655e+01, 2.8429687e+02
1.9142046e+01, 2.8460751e+02
1.9152438e+01, 2.8491830e+02
1.9162830e+01, 2.8522924e+02
1.9173222e+01, 2.8554034e+02
1.9183614e+01, 2.8585158e+02
1.9194006e+01, 2.8616297e+02
1.9204399e+01, 2.8647451e+02
1.9214792e+01, 2.8678620e+02
1.9225185e+01, 2.8709804e+02
1.9235578e+01, 2.8741003e+02
1.9245971e+01, 2.8772217e+02
1.9256365e+01, 2.8803446e+02
1.9266759e+01, 2.8834690e+02
1.9277153e+01, 2.8865949e+02
1.9287547e+01, 2.8897223e+02
1.9297942e+01, 2.8928512e+02
1.9308337e+01, 2.8959816e+02
1.9318731e+01, 2.8991135e+02
1.9329127e+01, 2.9022468e+02
1.9339522e+01, 2.9053817e+02
1.9349918e+01, 2.9085181e+02
1.9360313e+01, 2.9116559e+02
1.9370709e+01, 2.9147953e+02
1.9381106e+01, 2.9179361e+02
1.9391502e+01, 2.9210785e+02
1.9401899e+01, 2.9242223e+02
1.9412296e+01, 2.9273676e+02
1.9422693e+01, 2.9305145e+02
1.9433090e+01, 2.9336628e+02
1.9443487e+01, 2.9368126e+02
1.9453885e+01, 2.9399639e+02
1.9464283e+01, 2.9431166e+02
1.9474681e+01, 2.9462709e+02
1.9485080e+01, 2.9494267e+02
1.9495478e+01, 2.9525839e+02
1.9505877e+01, 2.9557427e+02
1.9516276e+01, 2.9589029e+02
1.9526675e+01, 2.9620646e+02
1.9537075e+01, 2.9652278e+02
1.9547474e+01, 2.9683925e+02
1.9557874e+01, 2.9715587e+02
1.9568274e+01, 2.9747264e+02
1.9578674e+01, 2.9778955e+02
1.9589075e+01, 2.9810662e+02
1.9599476e+01, 2.9842383e+02
1.9609877e+01, 2.9874119e+02
1.9620278e+01, 2.9905870e+02
1.9630679e+01, 2.9937636e+02
1.9641081e+01, 2.9969417e+02
1.9651482e+01, 3.0001212e+02
1.9661884e+01, 3.0033022e+02
1.9672286e+01, 3.0064848e+02
1.9682689e+01, 3.0096688e+02
1.9693091e+01, 3.0128542e+02
1.9703494e+01, 3.0160412e+02
1.9713897e+01, 3.0192297e+02
1.9724301e+01, 3.0224196e+02
1.9734704e+01, 3.0256110e+02
1.9745108e+01, 3.0288039e+02
1.9755512e+01, 3.0319983e+02
1.9765916e+01, 3.0351941e+02
1.9776320e+01, 3.0383914e+02
1.9786725e+01, 3.0415902e+02
1.9797129e+01, 3.0447905e+02
1.9807534e+01, 3.0479923e+02
1.9817940e+01, 3.0511955e+02
1.9828345e+01, 3.0544003e+02
1.9838751e+01, 3.0576065e+02
1.9849156e+01, 3.0608141e+02
1.9859562e+01, 3.0640233e+02
1.9869969e+01, 3.0672339e+02
1.9880375e+01, 3.0704460e+02
1.9890782e+01, 3.0736596e+02
1.9901189e+01, 3.0768746e+02
1.9911596e+01, 3.0800912e+02
1.9922003e+01, 3.0833092e+02
1.9932411e+01, 3.0865287e+02
1.9942818e+01, 3.0897496e+02
1.9953226e+01, 3.0929720e+02
1.9963634e+01, 3.0961959e+02
1.9974043e+01, 3.0994213e+02
1.9984451e+01, 3.1026481e+02
1.9994860e+01, 3.1058764e+02
2.0005269e+01, 3.1091062e+02
2.0015678e+01, 3.1123375e+02
2.0026088e+01, 3.1155702e+02
2.0036497e+01, 3.1188044e+02
2.0046907e+01, 3.1220401e+02
2.0057317e+01, 3.1252772e+02
2.0067728e+01, 3.1285158e+02
2.0078138e+01, 3.1317559e+02
2.0088549e+01, 3.1349974e+02
2.0098960e+01, 3.1382404e+02
2.0109371e+01, 3.1414849e+02
2.0119782e+01, 3.1447309e+02
2.0130194e+01, 3.1479783e+02
2.0140606e+01, 3.1512271e+02
2.0151018e+01, 3.1544775e+02
2.0161430e+01, 3.1577293e+02
2.0171842e+01, 3.1609826e+02
2.0182255e+01, 3.1642373e+02
2.0192668e+01, 3.1674935e+02
2.0203081e+01, 3.1707512e+02
2.0213494e+01, 3.1740103e+02
2.0223908e+01, 3.1772709e+02
2.0234321e+01, 3.1805330e+02
2.0244735e+01, 3.1837965e+02
2.0255149e+01, 3.1870615e+02
2.0265564e+01, 3.1903279e+02
2.0275978e+01, 3.1935958e+02
2.0286393e+01, 3.1968652e+02
2.0296808e+01, 3.2001360e+02
2.0307223e+01, 3.2034083e+02
2.0317638e+01, 3.2066821e+02
2.0328054e+01, 3.2099573e+02
2.0338470e+01, 3.2132340e+02
2.0348886e+01, 3.2165121e+02
2.0359302e+01, 3.2197917e+02
2.0369719e+01, 3.2230727e+02
2.0380135e+01, 3.2263552e+02
2.0390552e+01, 3.2296392e+02
2.0400969e+01, 3.2329246e+02
2.0411387e+01, 3.2362115e+02
2.0421804e+01, 3.2394998e+02
2.0432222e+01, 3.2427896e+02
2.0442640e+01, 3.2460808e+02
2.0453058e+01, 3.2493735e+02
2.0463476e+01, 3.2526677e+02
2.0473895e+01, 3.2559633e+02
2.0484314e+01, 3.2592604e+02
2.0494733e+01, 3.2625589e+02
2.0505152e+01, 3.2658588e+02
2.0515572e+01, 3.2691603e+02
2.0525991e+01, 3.2724631e+02
2.0536411e+01, 3.2757675e+02
2.0546831e+01, 3.2790732e+02
2.0557252e+01, 3.2823805e+02
2.0567672e+01, 3.2856892e+02
2.0578093e+01, 3.2889993e+02
2.0588514e+01, 3.2923109e+02
2.0598935e+01, 3.2956239e+02
2.0609356e+01, 3.2989384e+02
2.0619778e+01, 3.3022543e+02
2.0630200e+01, 3.3055717e+02
2.0640622e+01, 3.3088905e+02
2.0651044e+01, 3.3122108e+02
2.0661466e+01, 3.3155325e+02
2.0671889e+01, 3.3188557e+02
2.0682312e+01, 3.3221803e+02
2.0692735e+01, 3.3255064e+02
2.0703158e+01, 3.3288339e+02
2.0713582e+01, 3.3321628e+02
2.0724005e+01, 3.3354932e+02
2.0734429e+01, 3.3388251e+02
2.0744853e+01, 3.3421584e+02
2.0755278e+01, 3.3454931e+02
2.0765702e+01, 3.3488293e+02
2.0776127e+01, 3.3521669e+02
2.0786552e+01, 3.3555060e+02
2.0796977e+01, 3.3588465e+02
2.0807403e+01, 3.3621885e+02
2.0817828e+01, 3.3655318e+02
2.0828254e+01, 3.3688767e+02
2.0838680e+01, 3.3722230e+02
2.0849107e+01, 3.3755707e+02
2.0859533e+01, 3.3789198e+02
2.0869960e+01, 3.3822704e+02
2.0880387e+01, 3.3856225e+02
2.0890814e+01, 3.3889759e+02
2.0901241e+01, 3.3923309e+02
2.0911669e+01, 3.3956872e+02
2.0922096e+01, 3.3990450e+02
2.0932524e+01, 3.4024042e+02
2.0942953e+01, 3.4057649e+02
2.0953381e+01, 3.4091270e+02
2.0963810e+01, 3.4124906e+02
2.0974238e+01, 3.4158555e+02
2.0984667e+01, 3.4192220e+02
2.0995097e+01, 3.4225898e+02
2.1005526e+01, 3.4259591e+02
2.1015956e+01, 3.4293298e+02
2.1026386e+01, 3.4327020e+02
2.1036816e+01, 3.4360755e+02
2.1047246e+01, 3.4394506e+02
2.1057677e+01, 3.4428270e+02
2.1068107e+01, 3.4462049e+02
2.1078538e+01, 3.4495842e+02
2.1088970e+01, 3.4529650e+02
2.1099401e+01, 3.4563472e+02
2.1109833e+01, 3.4597308e+02
2.1120264e+01, 3.4631158e+02
2.1130696e+01, 3.4665023e+02
2.1141129e+01, 3.4698902e+02
2.1151561e+01, 3.4732796e+02
2.1161994e+01, 3.4766703e+02
2.1172427e+01, 3.4800625e+02
2.1182860e+01, 3.4834561e+02
2.1193293e+01, 3.4868512e+02
2.1203726e+01, 3.4902477e+02
2.1214160e+01, 3.4936456e+02