0 0 59.375 10.3729 17.4702 1.11147e-08 2360
0 1 60.4992 10.5944 17.5116 9.86617e-05 2444
0 2 61.3855 10.9049 17.7646 0.00117633 2297
0 3 61.9981 11.0471 17.8184 2.24759e-20 2341
0 4 62.6896 10.8075 17.2397 5.39504e-17 2373
0 5 63.4057 10.9487 17.2677 1.63811e-08 2407
0 6 64.2362 11.2283 17.4796 1.15422e-05 2301
0 7 65.3696 11.2784 17.2534 3.76972e-06 2300
0 8 65.642 11.5358 17.5738 0.0237491 2352
0 9 65.57 11.3727 17.3444 5.42879e-09 2373
0 10 66.102 11.4368 17.3018 1.07846e-08 2432
0 11 65.6126 11.4988 17.5253 1.64037e-10 2363
0 12 65.315 11.4121 17.4724 0.0206114 2421
0 13 63.7505 10.9796 17.2227 4.16963e-11 2459
0 14 62.2849 11.0539 17.7473 2.29969e-09 2394
0 15 60.5442 10.7729 17.7934 2.0142e-05 2490
0 16 58.2058 10.6795 18.3479 5.85684e-08 2423
0 17 56.4975 10.3339 18.2909 2.27523e-05 2304
0 18 54.1487 10.3669 19.1453 4.07242e-05 2414
0 19 50.5851 10.9023 21.5524 0.788952 2371
1 0 84.8897 12.2067 14.3795 0.0329503 2425
1 1 86.8291 12.4157 14.299 0.0828442 2452
1 2 87.9503 12.5244 14.2403 0.127738 2454
1 3 88.514 12.4421 14.0566 0.268075 2426
1 4 89.8988 12.3326 13.7183 0.209785 2470
1 5 91.1238 12.6217 13.8511 0.0156721 2456
1 6 91.7939 12.6902 13.8247 0.0920771 2429
1 7 92.7197 12.7654 13.7678 3.13313e-09 2344
1 8 93.4252 13.1286 14.0525 1.20398e-09 2475
1 9 94.0086 12.4762 13.2714 0.00861962 2456
1 10 94.4962 13.0662 13.8272 0.0112076 2397
1 11 93.8914 12.6216 13.4428 0.0162859 2476
1 12 93.1822 13.1193 14.0792 0.0259318 2426
1 13 91.6788 12.5776 13.7192 0.0295163 2405
1 14 89.5436 12.3645 13.8084 0.000432511 2339
1 15 86.1797 12.3486 14.3289 0.00403788 2401
1 16 82.9153 11.8114 14.2451 0.148464 2468
1 17 79.9581 11.5919 14.4975 1.73205e-09 2443
1 18 77.4246 11.4409 14.7768 7.64344e-07 2454
1 19 73.3744 12.3964 16.8948 0.0156201 2396
2 0 111.577 13.086 11.7283 0.0557067 2340
2 1 113.066 13.1629 11.6418 0.0962099 2465
2 2 114.375 13.3233 11.6489 0.148346 2395
2 3 115.899 13.6233 11.7545 0.382417 2461
2 4 118.028 13.7617 11.6597 0.0128285 2461
2 5 119.716 14.0042 11.6978 5.21588e-06 2387
2 6 120.831 13.8625 11.4727 0.838705 2348
2 7 122.158 14.3702 11.7636 0.139234 2456
2 8 123.18 13.7607 11.1712 0.3097 2499
2 9 123.865 14.2297 11.4881 0.105491 2418
2 10 123.282 14.0546 11.4004 0.67582 2487
2 11 123.148 14.1614 11.4995 0.642146 2460
2 12 121.941 14.1294 11.5871 0.004333 2461
2 13 119.891 13.7283 11.4506 0.329325 2453
2 14 116.753 13.7982 11.8182 0.000136691 2330
2 15 113.195 13.4792 11.908 0.991279 2476
2 16 108.32 12.9693 11.9731 0.971146 2434
2 17 105.012 12.9282 12.3112 0.000432477 2480
2 18 101.439 12.7354 12.5548 0.0285776 2473
2 19 96.4967 13.1789 13.6574 0.989225 2397
3 0 137.933 14.2871 10.358 0.505847 2449
3 1 140.205 14.2103 10.1354 0.608445 2466
3 2 141.44 14.5077 10.2571 0.968266 2415
3 3 144.06 14.7426 10.2337 0.749439 2497
3 4 145.4 14.5676 10.019 0.979632 2474
3 5 147.253 14.943 10.1478 0.316932 2410
3 6 148.498 14.7821 9.95437 0.059402 2419
3 7 150.657 15.1935 10.0848 0.834287 2502
3 8 152.07 15.2733 10.0436 0.608041 2442
3 9 153.054 15.2599 9.97023 0.269091 2418
3 10 152.832 15.2789 9.99715 0.116674 2485
3 11 152.927 15.556 10.1722 0.332819 2423
3 12 150.536 15.1101 10.0375 0.0134455 2396
3 13 148.159 14.623 9.8698 0.738525 2443
3 14 144.922 14.5796 10.0603 0.16257 2430
3 15 139.637 14.2111 10.1772 0.181639 2497
3 16 135.168 14.0989 10.4307 0.156286 2491
3 17 129.496 13.7025 10.5814 0.452646 2445
3 18 125.608 13.5161 10.7605 0.821918 2405
3 19 119.735 14.6297 12.2184 0.9107 2488
4 0 164.426 15.0556 9.15646 0.240722 2446
4 1 167.726 15.241 9.08683 0.226489 2453
4 2 169.336 15.1351 8.93789 0.98706 2410
4 3 171.357 15.3305 8.9465 0.126631 2455
4 4 173.427 15.666 9.03319 0.859964 2453
4 5 175.76 15.662 8.91097 0.994371 2443
4 6 177.911 15.9479 8.96397 0.298401 2457
4 7 179.482 15.6541 8.72183 0.282545 2369
4 8 180.843 16.1813 8.9477 0.23919 2432
4 9 182.468 16.2587 8.91046 0.954821 2506
4 10 182.902 15.8078 8.64275 0.935551 2388
4 11 182.279 16.2157 8.89607 0.584385 2444
4 12 180.101 15.9804 8.87303 0.029108 2474
4 13 177.392 15.8108 8.91295 0.70713 2356
4 14 172.915 15.5308 8.98174 0.501994 2411
4 15 167.124 15.312 9.162 0.876454 2410
4 16 159.975 15.0978 9.43758 0.666227 2516
4 17 154.9 14.5442 9.38943 0.348284 2467
4 18 150.311 14.6608 9.7537 0.751409 2350
4 19 142.594 15.4289 10.8201 0.918064 2387
5 0 191.784 16.2715 8.48429 0.76674 2438
5 1 194.291 16.034 8.25259 0.282742 2502
5 2 197.659 16.0822 8.13631 0.993719 2449
5 3 198.9 16.3066 8.19843 0.673201 2522
5 4 201.298 16.5003 8.19691 0.288388 2422
5 5 204.397 16.9524 8.29388 0.247843 2375
5 6 207.054 16.3386 7.89101 0.356893 2477
5 7 209.07 17.1703 8.21272 0.803507 2507
5 8 210.679 17.0537 8.09464 0.435457 2509
5 9 211.931 17.1453 8.09003 0.0553939 2504
5 10 212.613 17.2219 8.10012 0.466956 2423
5 11 211.187 16.8395 7.97372 0.734104 2498
5 12 210.187 17.1445 8.15677 0.186721 2389
5 13 206.276 17.2418 8.35862 0.892515 2430
5 14 200.982 16.5137 8.21647 0.850294 2461
5 15 194.011 16.3778 8.44164 0.596978 2362
5 16 186.036 16.2258 8.7219 0.437974 2489
5 17 180.414 15.199 8.42449 0.508806 2362
5 18 174.317 15.3715 8.81816 0.374313 2444
5 19 166.274 16.4554 9.89659 0.624799 2370
6 0 218.102 16.8585 7.72966 0.778052 2402
6 1 221.351 17.0455 7.70066 0.586286 2471
6 2 223.798 17.4088 7.77879 0.249496 2466
6 3 227.015 17.289 7.61578 0.178688 2433
6 4 229.99 17.4484 7.58662 0.913843 2434
6 5 232.724 17.6595 7.58819 0.701777 2434
6 6 235.232 17.9639 7.63665 0.423766 2348
6 7 237.725 17.7998 7.48756 0.184258 2441
6 8 239.783 17.7638 7.40827 0.851636 2525
6 9 241.302 17.6612 7.31913 0.332271 2433
6 10 241.876 18.1018 7.48392 0.0129184 2484
6 11 241.141 18.1305 7.51861 0.711947 2443
6 12 238.386 17.8427 7.4848 0.281826 2535
6 13 234.169 17.7517 7.58075 0.545486 2448
6 14 229.16 17.3924 7.58964 0.904267 2359
6 15 221.355 17.2924 7.81206 0.617567 2493
6 16 211.937 16.8604 7.95534 0.997894 2444
6 17 205.472 16.725 8.13979 0.578767 2357
6 18 198.66 17.0149 8.56484 0.758774 2469
6 19 190.11 17.6956 9.30806 0.449933 2409
7 0 244.74 17.7674 7.2597 0.977415 2391
7 1 247.617 17.5554 7.08975 0.86919 2402
7 2 251.223 17.5233 6.97518 0.15745 2448
7 3 254.875 18.3032 7.18124 0.242294 2383
7 4 258.255 18.209 7.05078 0.430564 2537
7 5 260.834 18.4109 7.05848 0.782251 2455
7 6 263.805 18.2451 6.91612 0.831175 2459
7 7 266.789 18.5829 6.9654 0.840188 2503
7 8 268.885 18.838 7.00596 0.997979 2477
7 9 270.24 18.3772 6.8003 0.612226 2381
7 10 271.403 18.6779 6.88197 0.965482 2424
7 11 270.193 18.857 6.97909 0.736581 2469
7 12 268.575 18.6884 6.95836 0.717959 2415
7 13 262.254 19.2911 7.35588 0.658609 2441
7 14 256.843 18.3472 7.14335 0.663072 2374
7 15 248.841 17.8594 7.17703 0.852856 2350
7 16 238.293 17.8191 7.47779 0.25152 2458
7 17 230.565 17.2949 7.50109 0.977371 2456
7 18 222.691 17.4924 7.855 0.948878 2433
7 19 213.429 18.5113 8.67332 0.157227 2476
8 0 270.995 18.1046 6.68076 0.682618 2492
8 1 275.723 18.5531 6.72889 0.693128 2423
8 2 278.248 18.3764 6.6043 0.953085 2446
8 3 282.707 18.3564 6.49307 0.486099 2461
8 4 285.935 19.6348 6.86687 0.2089 2463
8 5 289.474 18.6341 6.43722 0.741151 2498
8 6 291.871 19.5867 6.71073 0.141885 2456
8 7 295.077 19.2851 6.5356 0.478189 2458
8 8 297.806 20.0595 6.73576 0.628052 2449
8 9 300.029 20.2869 6.76166 0.789887 2489
8 10 300.246 20.021 6.66821 0.452539 2429
8 11 299.813 19.718 6.57676 0.996508 2434
8 12 296.531 19.969 6.73419 0.125707 2446
8 13 292.759 19.5737 6.68596 0.905693 2475
8 14 285.069 19.3153 6.77567 0.991822 2365
8 15 274.268 19.1453 6.9805 0.995489 2435
8 16 264.049 18.5341 7.01919 0.743732 2437
8 17 255.278 18.1729 7.11886 0.850334 2431
8 18 246.846 18.5917 7.53173 0.847211 2471
8 19 237.02 19.8627 8.38019 0.114259 2506
9 0 297.956 19.0431 6.39122 0.632814 2454
9 1 302.801 19.3961 6.40556 0.195886 2376
9 2 306.693 19.9051 6.49023 0.671585 2411
9 3 310.548 19.8117 6.37958 0.788549 2431
9 4 314.353 19.538 6.21529 0.482211 2404
9 5 318.072 20.2982 6.38163 0.800475 2378
9 6 321.643 20.5214 6.38017 0.855554 2385
9 7 324.766 20.2457 6.23394 0.712596 2387
9 8 328.215 21.0263 6.40625 0.997673 2398
9 9 329.118 20.855 6.33665 0.99825 2451
9 10 330.459 20.5574 6.22086 0.218184 2457
9 11 329.97 20.7723 6.2952 0.182433 2344
9 12 325.645 20.2183 6.20869 0.301284 2350
9 13 320.376 20.109 6.27669 0.728337 2439
9 14 312.847 19.6027 6.26593 0.0268173 2409
9 15 302.423 20.0835 6.64085 0.370475 2414
9 16 290.081 19.9797 6.88763 0.999841 2423
9 17 280.012 19.2475 6.87382 0.397882 2453
9 18 271.04 19.3068 7.12324 0.492675 2390
9 19 259.904 20.7578 7.98671 0.0172366 2493
10 0 325.029 19.5295 6.00853 0.967842 2426
10 1 329.455 20.2169 6.13647 0.391008 2463
10 2 334.388 20.1 6.01099 0.330286 2405
10 3 338.057 20.4654 6.05383 0.999872 2443
10 4 342.227 21.1313 6.17464 0.880908 2454
10 5 345.94 20.8891 6.03837 0.993184 2285
10 6 350.032 20.897 5.97003 0.830244 2445
10 7 353.403 20.827 5.89328 0.519328 2432
10 8 357.311 21.6084 6.04751 0.977177 2433
10 9 358.878 21.7438 6.05883 0.970179 2467
10 10 360.294 21.8913 6.07595 0.804107 2396
10 11 358.365 21.3457 5.95639 0.918266 2386
10 12 354.704 21.5957 6.08838 0.948847 2489
10 13 349.19 21.1899 6.0683 0.459908 2322
10 14 340.112 20.8057 6.1173 0.792098 2446
10 15 328.884 20.8828 6.3496 0.832175 2425
10 16 315.567 19.86 6.29342 0.84229 2419
10 17 305.333 20.4299 6.69101 0.844637 2431
10 18 295.632 20.1069 6.80131 0.953693 2498
10 19 283.773 21.2322 7.48212 0.538437 2349
11 0 351.208 20.5355 5.84711 0.973864 2439
11 1 356.202 20.8414 5.85102 0.694945 2492
11 2 361.157 21.1975 5.86933 0.815334 2435
11 3 366.434 21.1042 5.75933 0.943305 2496
11 4 370.396 21.5116 5.80773 0.930556 2483
11 5 374.446 21.3486 5.7014 0.945388 2444
11 6 378.753 21.372 5.64274 0.710244 2395
11 7 383.657 21.6712 5.64859 0.673671 2420
11 8 386.416 22.4617 5.81283 0.976638 2510
11 9 388.667 22.6183 5.81947 0.28933 2426
11 10 389.482 22.3698 5.74348 0.154822 2429
11 11 388.218 22.036 5.67618 0.997901 2380
11 12 384.342 22.0092 5.72646 0.119967 2435
11 13 377.424 22 5.829 0.971235 2353
11 14 368.573 21.028 5.70525 0.593746 2508
11 15 356.895 22.1609 6.20937 0.415689 2370
11 16 341.516 21.014 6.15315 0.572585 2393
11 17 330.233 20.8705 6.31993 0.885787 2365
11 18 320.447 20.4477 6.38099 0.958214 2440
11 19 307.365 22.7091 7.38831 0.0579771 2354
12 0 377.208 20.9226 5.54671 0.997773 2415
12 1 383.883 21.4102 5.57726 0.970378 2436
12 2 388.997 21.639 5.56276 0.939192 2432
12 3 393.65 21.8455 5.54947 0.999999 2453
12 4 398.365 22.2141 5.57632 0.979574 2363
12 5 402.719 22.1501 5.50013 0.527913 2469
12 6 407.073 21.9848 5.40071 0.86543 2459
12 7 411.645 22.9043 5.5641 0.806228 2479
12 8 415.812 23.2203 5.58433 0.964932 2367
12 9 417.535 23.134 5.5406 0.999966 2433
12 10 418.256 23.4812 5.61407 0.954849 2355
12 11 417.382 22.5753 5.40878 0.434019 2451
12 12 412.783 23.3052 5.64588 0.862441 2388
12 13 406.612 22.9073 5.6337 0.518484 2426
12 14 396.5 21.8126 5.50129 0.962926 2405
12 15 383.541 21.7924 5.6819 0.807866 2411
12 16 367.57 21.7643 5.92114 0.957949 2356
12 17 355.547 21.6109 6.07822 0.8879 2413
12 18 344.652 21.3757 6.20213 0.99891 2455
12 19 330.272 23.722 7.18255 0.00031137 2523
13 0 403.658 21.7423 5.38631 0.147649 2444
13 1 410.033 22.188 5.41128 0.88589 2477
13 2 415.813 22.3204 5.3679 0.00119079 2339
13 3 420.899 22.6428 5.37964 1.79115e-05 2517
13 4 425.987 23.2137 5.4494 0.701343 2465
13 5 431.134 22.7457 5.2758 0.99909 2331
13 6 435.879 22.8666 5.24609 0.967627 2385
13 7 441.349 23.6675 5.36253 0.855399 2416
13 8 444.216 23.6694 5.32836 0.697735 2415
13 9 447.295 23.3055 5.21033 0.90326 2410
13 10 447.506 24.138 5.39389 0.957626 2432
13 11 446.509 23.8416 5.33956 0.988909 2371
13 12 441.749 24.2386 5.48696 0.790711 2530
13 13 435.407 23.798 5.46568 0.984781 2399
13 14 424.123 23.3537 5.50636 0.995749 2443
13 15 410.487 23.5128 5.72802 0.994394 2418
13 16 393.371 22.9801 5.84183 0.761261 2417
13 17 380.069 22.4627 5.91018 0.995815 2482
13 18 368.337 21.8386 5.92898 0.999852 2431
13 19 353.633 24.5702 6.94794 0.000306076 2361
14 0 430.743 22.3442 5.18736 0.806006 2405
14 1 437.371 22.5085 5.14632 0.0210454 2333
14 2 442.448 23.3409 5.27539 0.972642 2477
14 3 449.178 23.3003 5.18733 0.99899 2434
14 4 454.05 22.9724 5.05944 0.686621 2467
14 5 460.761 24.018 5.21268 0.11667 2386
14 6 465.124 23.7415 5.10434 0.60369 2460
14 7 469.299 24.376 5.19414 0.129193 2488
14 8 474.196 23.6525 4.98793 0.0506725 2559
14 9 476.004 24.165 5.07665 0.958462 2373
14 10 477.17 23.8141 4.99069 0.539885 2410
14 11 475.381 24.5005 5.15387 0.997425 2436
14 12 470.715 23.9679 5.0918 0.997037 2485
14 13 463.737 23.7239 5.1158 0.991447 2409
14 14 452.275 23.4305 5.18059 0.990649 2440
14 15 437.695 24.6237 5.62576 0.417502 2388
14 16 419.474 23.3957 5.57739 0.89617 2402
14 17 406.072 23.1496 5.70085 0.999867 2457
14 18 392.724 23.2216 5.91296 0.865835 2436
14 19 377.575 26.3699 6.98401 3.55666e-10 2470
15 0 457.369 22.9298 5.01342 0.847491 2445
15 1 464.952 22.9922 4.94507 0.999073 2573
15 2 470.137 23.1843 4.93139 0.920935 2408
15 3 476.372 23.4485 4.92232 0.913469 2535
15 4 482.313 23.3813 4.84775 0.985312 2406
15 5 489.145 24.7749 5.06494 0.600681 2420
15 6 493.587 25.4255 5.15116 0.968856 2466
15 7 498.284 25.1602 5.04937 0.994464 2412
15 8 503.423 25.2141 5.00853 0.995109 2417
15 9 506.532 25.5579 5.04567 0.664529 2417
15 10 506.896 25.1429 4.96017 0.367575 2376
15 11 504.793 24.9962 4.95177 0.836042 2425
15 12 500.637 24.9993 4.9935 0.905979 2488
15 13 491.537 24.9052 5.06681 0.986911 2388
15 14 480.489 23.7375 4.94028 0.925155 2436
15 15 462.886 24.3113 5.25212 0.548743 2399
15 16 444.638 23.9242 5.38059 0.960807 2430
15 17 431.623 23.5316 5.4519 0.373943 2477
15 18 416.892 24.8784 5.96758 0.574197 2362
15 19 400.362 26.9139 6.7224 1.09742e-05 2468
16 0 484.465 23.7467 4.90164 0.682087 2432
16 1 492.132 23.619 4.79932 0.518993 2402
16 2 497.877 23.6112 4.74238 0.465244 2335
16 3 503.052 24.2447 4.81953 0.998089 2453
16 4 510.45 24.8189 4.86217 0.928846 2412
16 5 516.704 25.1054 4.85875 0.0087951 2494
16 6 522.447 25.441 4.86959 0.938872 2430
16 7 528.302 26.1238 4.94486 0.626557 2419
16 8 531.718 25.6485 4.8237 0.305598 2436
16 9 534.735 25.4832 4.76556 0.936662 2427
16 10 535.782 25.8979 4.83367 0.311543 2418
16 11 534.53 25.3599 4.74433 0.902882 2389
16 12 529.336 25.5828 4.833 0.879892 2438
16 13 520.754 24.9753 4.79599 0.492709 2503
16 14 507.995 25.3351 4.98728 0.991539 2455
16 15 491.791 24.5574 4.99345 0.845929 2478
16 16 470.845 24.5172 5.20707 0.518888 2423
16 17 456.222 24.4355 5.35607 0.916946 2415
16 18 440.354 26.0415 5.91376 0.750742 2454
16 19 424.226 28.0653 6.61564 0.000887726 2346
17 0 510.368 24.398 4.78047 0.954292 2476
17 1 519.055 24.2102 4.66429 0.994824 2392
17 2 525.003 24.1853 4.6067 0.998614 2445
17 3 531.447 24.7707 4.66098 0.974768 2403
17 4 538.385 25.6839 4.77054 0.416741 2413
17 5 545.438 25.3711 4.65151 0.985664 2456
17 6 550.976 26.5632 4.82112 0.8627 2529
17 7 557.251 26.3052 4.72054 0.546174 2385
17 8 561.989 26.6357 4.73953 0.981787 2495
17 9 564.937 26.3414 4.66271 0.794564 2538
17 10 565.55 26.4041 4.66875 0.93017 2380
17 11 563.792 26.4547 4.69228 0.829192 2334
17 12 558.699 26.0711 4.66639 0.734393 2431
17 13 549.247 25.542 4.65036 0.875083 2459
17 14 536.378 25.6102 4.77465 0.738652 2331
17 15 517.823 26.7779 5.17125 0.999959 2354
17 16 496.248 25.2594 5.09007 0.664249 2518
17 17 480.192 26.0321 5.42119 0.978097 2457
17 18 465.935 25.8635 5.55089 0.638957 2386
17 19 448.061 27.6362 6.16796 1.54826e-06 2539
18 0 536.842 24.791 4.61794 0.868526 2575
18 1 545.597 25.385 4.6527 0.986513 2472
18 2 552.298 25.3304 4.58637 0.938193 2471
18 3 559.97 25.6964 4.58889 0.893997 2405
18 4 566.174 26.2583 4.63785 0.633312 2327
18 5 572.985 26.5528 4.63412 0.996611 2473
18 6 580.513 26.3983 4.5474 0.999942 2431
18 7 585.352 26.6472 4.55234 0.37014 2425
18 8 590.315 27.2828 4.62173 0.146853 2451
18 9 593.865 27.2364 4.58629 0.997309 2384
18 10 594.896 27.2268 4.57673 0.21655 2431
18 11 592.235 27.1979 4.59242 0.999842 2431
18 12 587.194 26.7431 4.55439 0.999215 2514
18 13 577.502 26.3976 4.57101 0.938018 2403
18 14 563.585 26.42 4.68785 0.819775 2398
18 15 544.881 27.0899 4.97172 1 2371
18 16 522.664 26.7335 5.11486 0.113012 2498
18 17 505.693 26.113 5.16381 0.997818 2458
18 18 489.34 26.1078 5.33529 0.295703 2420
18 19 469.702 31.2493 6.65302 3.98147e-25 2497
19 0 563.754 25.5631 4.53444 0.917297 2468
19 1 572.272 25.524 4.46011 0.143366 2541
19 2 579.964 26.1046 4.50108 0.728632 2433
19 3 586.102 25.9187 4.42222 0.447102 2342
19 4 594.389 25.2793 4.25299 0.993478 2425
19 5 602.438 26.981 4.47864 0.923448 2341
19 6 608.251 26.7178 4.39257 0.897032 2476
19 7 615.054 26.9391 4.37995 0.988952 2451
19 8 620.198 27.7176 4.46915 0.998964 2424
19 9 623.466 28.1476 4.5147 0.986469 2444
19 10 623.94 27.9594 4.4811 0.667524 2510
19 11 622.163 28.1549 4.52533 0.999746 2448
19 12 617.181 27.1516 4.39928 0.145133 2448
19 13 606.476 27.3938 4.51688 0.973492 2446
19 14 591.994 27.2195 4.59793 0.92208 2482
19 15 571.247 27.4106 4.79839 0.954971 2394
19 16 548.5 26.8355 4.89253 0.958038 2413
19 17 529.637 27.5613 5.20381 0.92038 2469
19 18 514.17 27.4646 5.34153 0.961215 2396
19 19 491.805 35.5269 7.22377 1.75391e-57 2406

